6 0.7649714828897338 0.2064102564102564 0.10598859315589354 0.12051282051282051
6 0.5725998098859315 0.16907051282051283 0.08388783269961977 0.14198717948717948
6 0.9251425855513308 0.4881410256410256 0.10836501901140684 0.11858974358974358
6 0.7728136882129277 0.45544871794871794 0.10266159695817491 0.12371794871794872
6 0.5002376425855514 0.4858974358974359 0.09743346007604563 0.11858974358974358
6 0.2661596958174905 0.30673076923076925 0.09268060836501901 0.13782051282051283
6 0.08365019011406843 0.44166666666666665 0.10598859315589354 0.1346153846153846
6 0.2249287072243346 0.7057692307692308 0.10194866920152092 0.13333333333333333
6 0.49512832699619774 0.844551282051282 0.08246197718631179 0.11602564102564103
6 0.715898288973384 0.8227564102564102 0.10432509505703422 0.12371794871794872
