6 0.44165874524714827 0.13221153846153846 0.08626425855513307 0.1387820512820513
6 0.6552994296577946 0.24695512820512822 0.09576996197718632 0.1503205128205128
6 0.9361929657794676 0.3786858974358974 0.11810836501901141 0.15352564102564104
6 0.6968868821292775 0.4794871794871795 0.093393536121673 0.13974358974358975
6 0.8037072243346007 0.7105769230769231 0.11216730038022814 0.14935897435897436
6 0.5742633079847909 0.7004807692307692 0.0995722433460076 0.12275641025641025
6 0.4294201520912547 0.37548076923076923 0.11549429657794677 0.12596153846153846
6 0.1624287072243346 0.41233974358974357 0.1195342205323194 0.1439102564102564
6 0.28350760456273766 0.7169871794871795 0.10836501901140684 0.14294871794871794
6 0.12179182509505704 0.6940705128205128 0.11240494296577946 0.1310897435897436
