6 0.5697115384615384 0.11561311787072244 0.11506410256410256 0.10147338403041825
6 0.1623397435897436 0.23574144486692014 0.13814102564102565 0.10693916349809886
6 0.8774038461538461 0.2747148288973384 0.14967948717948718 0.09505703422053231
6 0.5358974358974359 0.436430608365019 0.11666666666666667 0.10670152091254753
6 0.18269230769230768 0.4615019011406844 0.1467948717948718 0.09077946768060836
6 0.8495192307692307 0.6012357414448669 0.15993589743589742 0.09695817490494296
6 0.5258012820512821 0.6284458174904943 0.13942307692307693 0.09386882129277567
6 0.7573717948717948 0.8910408745247148 0.13076923076923078 0.11097908745247148
6 0.49551282051282053 0.9230038022813688 0.14807692307692308 0.13450570342205323
6 0.28189102564102564 0.7090066539923955 0.1439102564102564 0.11430608365019011
