6 0.937856463878327 0.5392628205128205 0.11002851711026616 0.1375
6 0.7981226235741445 0.2564102564102564 0.11240494296577946 0.12692307692307692
6 0.5362404942965779 0.2299679487179487 0.0995722433460076 0.13557692307692307
6 0.29931083650190116 0.23413461538461539 0.09244296577946769 0.11826923076923077
6 0.09244296577946769 0.40048076923076925 0.09980988593155894 0.11634615384615385
6 0.6141872623574145 0.5137820512820512 0.08483840304182509 0.13333333333333333
6 0.34755228136882127 0.46939102564102564 0.08151140684410646 0.12788461538461537
6 0.1408032319391635 0.6908653846153846 0.08864068441064639 0.1310897435897436
6 0.43500475285171103 0.7490384615384615 0.093393536121673 0.12371794871794872
6 0.7364543726235742 0.7368589743589744 0.09980988593155894 0.12692307692307692
