6 0.26806083650190116 0.21394230769230768 0.10456273764258556 0.13557692307692307
6 0.09006653992395437 0.5717948717948718 0.10266159695817491 0.13653846153846153
6 0.3052519011406844 0.49022435897435895 0.09196768060836502 0.14647435897435898
6 0.4295389733840304 0.6801282051282052 0.10765209125475285 0.13974358974358975
6 0.5022576045627376 0.31474358974358974 0.09481939163498099 0.14102564102564102
6 0.6778754752851711 0.19246794871794873 0.10432509505703422 0.12916666666666668
6 0.8502851711026616 0.31201923076923077 0.12975285171102663 0.1548076923076923
6 0.6039686311787072 0.5185897435897436 0.10194866920152092 0.12371794871794872
6 0.6945104562737643 0.6876602564102564 0.10147338403041825 0.1503205128205128
6 0.9117157794676806 0.5360576923076923 0.125712927756654 0.1548076923076923
