6 0.9402328897338403 0.3701923076923077 0.1195342205323194 0.14743589743589744
6 0.7403754752851711 0.14919871794871795 0.12333650190114069 0.16634615384615384
6 0.47932509505703425 0.12628205128205128 0.1188212927756654 0.15256410256410258
6 0.30097433460076045 0.23669871794871794 0.10527566539923955 0.1580128205128205
6 0.08483840304182509 0.30240384615384613 0.12737642585551331 0.13365384615384615
6 0.7372861216730038 0.59375 0.11715779467680608 0.16762820512820512
6 0.5374287072243346 0.4966346153846154 0.09576996197718632 0.16121794871794873
6 0.5180608365019012 0.7838141025641026 0.11216730038022814 0.14198717948717948
6 0.33174904942965777 0.653525641025641 0.09553231939163498 0.14807692307692308
6 0.09244296577946769 0.6198717948717949 0.12642585551330798 0.14294871794871794
