60 0.8228374524714829 0.4823717948717949 0.1366444866920152 0.14807692307692308
60 0.36478136882129275 0.767147435897436 0.10551330798479087 0.15993589743589742
63 0.15114068441064638 0.30801282051282053 0.1411596958174905 0.1423076923076923
63 0.5692728136882129 0.8014423076923077 0.10765209125475285 0.17852564102564103
65 0.3141634980988593 0.253525641025641 0.125 0.15256410256410258
65 0.7792300380228137 0.20625 0.13783269961977188 0.17147435897435898
66 0.22112642585551331 0.7245192307692307 0.1366444866920152 0.14967948717948718
64 0.6429420152091255 0.5230769230769231 0.1280893536121673 0.18012820512820513
68 0.4686311787072243 0.4424679487179487 0.11074144486692016 0.17596153846153847
68 0.6080085551330798 0.2126602564102564 0.10765209125475285 0.17596153846153847
