6 0.8886644486692015 0.4519230769230769 0.11002851711026616 0.12692307692307692
6 0.6897576045627376 0.29759615384615384 0.09481939163498099 0.12788461538461537
6 0.4231226235741445 0.2985576923076923 0.07913498098859316 0.13237179487179487
6 0.19451045627376426 0.2064102564102564 0.10765209125475285 0.13974358974358975
6 0.08887832699619772 0.37451923076923077 0.11787072243346007 0.11314102564102564
6 0.3056083650190114 0.4657051282051282 0.094106463878327 0.12051282051282051
6 0.6265446768060836 0.6006410256410256 0.08388783269961977 0.13012820512820514
6 0.7561787072243346 0.7932692307692307 0.10456273764258556 0.13333333333333333
6 0.4606701520912547 0.8509615384615384 0.08293726235741444 0.13974358974358975
6 0.16765684410646386 0.7352564102564103 0.10432509505703422 0.14294871794871794
