6 0.875356463878327 0.2971153846153846 0.09576996197718632 0.11858974358974358
6 0.5532319391634981 0.17868589743589744 0.09885931558935361 0.13557692307692307
6 0.2565351711026616 0.2501602564102564 0.10052281368821293 0.12467948717948718
6 0.8871197718631179 0.5841346153846154 0.11787072243346007 0.12275641025641025
6 0.6720532319391636 0.5169871794871795 0.10361216730038023 0.1141025641025641
6 0.4409458174904943 0.45560897435897435 0.09576996197718632 0.10673076923076923
6 0.6904705323193916 0.75 0.10289923954372623 0.11730769230769231
6 0.44415399239543724 0.7543269230769231 0.09743346007604563 0.11955128205128206
6 0.26176330798479086 0.6631410256410256 0.09006653992395437 0.12884615384615383
6 0.157319391634981 0.4407051282051282 0.08365019011406843 0.10897435897435898
