6 0.9064876425855514 0.3296474358974359 0.12666349809885932 0.13237179487179487
6 0.9358365019011406 0.6333333333333333 0.11406844106463879 0.13333333333333333
6 0.7838640684410646 0.8246794871794871 0.11715779467680608 0.15576923076923077
6 0.6617157794676806 0.46089743589743587 0.11145437262357415 0.1346153846153846
6 0.4718393536121673 0.7506410256410256 0.11002851711026616 0.13782051282051283
6 0.40102186311787075 0.41602564102564105 0.11383079847908745 0.12371794871794872
6 0.5197243346007605 0.13798076923076924 0.10123574144486693 0.1548076923076923
6 0.21827471482889735 0.5067307692307692 0.10765209125475285 0.14743589743589744
6 0.11383079847908745 0.257051282051282 0.11406844106463879 0.1346153846153846
6 0.11145437262357415 0.7192307692307692 0.11692015209125475 0.13653846153846153
