6 0.8985266159695817 0.15673076923076923 0.11074144486692016 0.16025641025641027
6 0.48134505703422054 0.1358974358974359 0.0971958174904943 0.15256410256410258
6 0.10741444866920152 0.15560897435897436 0.10598859315589354 0.13237179487179487
6 0.8064401140684411 0.5841346153846154 0.10052281368821293 0.14198717948717948
6 0.5501425855513308 0.5451923076923076 0.11169201520912547 0.13846153846153847
6 0.40137832699619774 0.4774038461538462 0.10503802281368821 0.1439102564102564
6 0.2505941064638783 0.41458333333333336 0.09814638783269962 0.12275641025641025
6 0.7055608365019012 0.8113782051282051 0.10931558935361217 0.1548076923076923
6 0.4825332699619772 0.7774038461538462 0.10907794676806083 0.14198717948717948
6 0.30097433460076045 0.7841346153846154 0.11002851711026616 0.1451923076923077
