61 0.48906844106463876 0.596474358974359 0.11311787072243346 0.17564102564102563
63 0.8917538022813688 0.5971153846153846 0.1280893536121673 0.15705128205128205
65 0.8389971482889734 0.3232371794871795 0.14092205323193915 0.1701923076923077
65 0.6984315589353612 0.6299679487179487 0.125 0.15544871794871795
66 0.3836739543726236 0.12259615384615384 0.1195342205323194 0.16698717948717948
64 0.12963403041825095 0.3886217948717949 0.1366444866920152 0.1439102564102564
69 0.6182271863117871 0.3639423076923077 0.13236692015209126 0.14967948717948718
69 0.4449857414448669 0.8181089743589743 0.11288022813688213 0.1657051282051282
67 0.3432747148288973 0.39375 0.12476235741444867 0.17147435897435898
67 0.23930608365019013 0.725801282051282 0.12167300380228137 0.17275641025641025
