6 0.5418250950570342 0.1076923076923077 0.08365019011406843 0.1282051282051282
6 0.8780893536121673 0.3142628205128205 0.09505703422053231 0.10993589743589743
6 0.6561311787072244 0.41442307692307695 0.09268060836501901 0.13141025641025642
6 0.6585076045627376 0.5717948717948718 0.09885931558935361 0.12371794871794872
6 0.8614543726235742 0.5782051282051283 0.10266159695817491 0.1346153846153846
6 0.6050380228136882 0.8200320512820513 0.09648288973384031 0.12724358974358974
6 0.4096958174904943 0.8046474358974359 0.08555133079847908 0.11955128205128206
6 0.4148051330798479 0.43317307692307694 0.10052281368821293 0.10480769230769231
6 0.2894486692015209 0.6892628205128205 0.09315589353612168 0.12147435897435897
6 0.14032794676806085 0.4560897435897436 0.11145437262357415 0.12884615384615383
