6 0.8670389733840305 0.3019230769230769 0.11240494296577946 0.14294871794871794
6 0.6481701520912547 0.21217948717948718 0.10670152091254753 0.12371794871794872
6 0.39424904942965777 0.24695512820512822 0.094106463878327 0.14198717948717948
6 0.16361692015209126 0.3605769230769231 0.12333650190114069 0.14102564102564102
6 0.942134030418251 0.596474358974359 0.11383079847908745 0.14743589743589744
6 0.7894486692015209 0.6743589743589744 0.11406844106463879 0.1346153846153846
6 0.5659458174904943 0.6684294871794871 0.09244296577946769 0.14198717948717948
6 0.5098621673003803 0.49278846153846156 0.10527566539923955 0.11955128205128206
6 0.3266397338403042 0.7192307692307692 0.093393536121673 0.14294871794871794
6 0.11894011406844106 0.7142628205128205 0.10860266159695818 0.12916666666666668
