6 0.052519011406844104 0.38076923076923075 0.10503802281368821 0.13653846153846153
6 0.25499049429657794 0.358974358974359 0.10361216730038023 0.13141025641025642
6 0.5335076045627376 0.266025641025641 0.09553231939163498 0.12692307692307692
6 0.7502376425855514 0.40208333333333335 0.09743346007604563 0.12596153846153846
6 0.9115969581749049 0.5238782051282052 0.10836501901140684 0.13237179487179487
6 0.5311311787072244 0.4705128205128205 0.08460076045627377 0.13012820512820514
6 0.7052043726235742 0.7517628205128205 0.0895912547528517 0.12916666666666668
6 0.5070104562737643 0.7762820512820513 0.0872148288973384 0.15705128205128205
6 0.3356701520912547 0.68125 0.09576996197718632 0.12724358974358974
6 0.09327471482889733 0.6358974358974359 0.10907794676806083 0.1346153846153846
