6 0.8507604562737643 0.25064102564102564 0.10836501901140684 0.14743589743589744
6 0.8898526615969582 0.6060897435897435 0.11715779467680608 0.14743589743589744
6 0.6771625475285171 0.4794871794871795 0.10289923954372623 0.12051282051282051
6 0.5727186311787072 0.2586538461538462 0.10123574144486693 0.12692307692307692
6 0.3969819391634981 0.27564102564102566 0.08864068441064639 0.14615384615384616
6 0.21744296577946767 0.3076923076923077 0.10266159695817491 0.13782051282051283
6 0.08258079847908745 0.5564102564102564 0.11478136882129278 0.125
6 0.45793726235741444 0.5472756410256411 0.0903041825095057 0.1342948717948718
6 0.6087214828897338 0.7682692307692308 0.0971958174904943 0.13846153846153847
6 0.30715304182509506 0.7911858974358974 0.09576996197718632 0.14647435897435898
