6 0.4465304182509506 0.1560897435897436 0.10836501901140684 0.14615384615384616
6 0.9239543726235742 0.2948717948717949 0.10741444866920152 0.13141025641025642
6 0.6189401140684411 0.42083333333333334 0.0895912547528517 0.13782051282051283
6 0.45674904942965777 0.4689102564102564 0.09268060836501901 0.14166666666666666
6 0.2423954372623574 0.36378205128205127 0.09743346007604563 0.14487179487179488
6 0.06356939163498099 0.4911858974358974 0.11478136882129278 0.14198717948717948
6 0.8804657794676806 0.6102564102564103 0.11074144486692016 0.11730769230769231
6 0.7589115969581749 0.7479166666666667 0.09576996197718632 0.12788461538461537
6 0.5516872623574145 0.8665064102564103 0.10194866920152092 0.15352564102564104
6 0.2665161596958175 0.8088141025641026 0.10432509505703422 0.14326923076923076
