6 0.9124287072243346 0.729326923076923 0.11002851711026616 0.14198717948717948
6 0.8867633079847909 0.5100961538461538 0.11240494296577946 0.11314102564102564
6 0.809648288973384 0.2918269230769231 0.09885931558935361 0.12275641025641025
6 0.3583650190114068 0.15352564102564104 0.09648288973384031 0.1282051282051282
6 0.48170152091254753 0.2948717948717949 0.08555133079847908 0.125
6 0.5703422053231939 0.5137820512820512 0.07747148288973384 0.13333333333333333
6 0.6252376425855514 0.7463141025641026 0.08317490494296578 0.11634615384615385
6 0.16207224334600762 0.7650641025641025 0.09315589353612168 0.11730769230769231
6 0.28624049429657794 0.4875 0.09006653992395437 0.10897435897435898
6 0.17359790874524714 0.3177884615384615 0.0971958174904943 0.12596153846153846
