6 0.844819391634981 0.21169871794871795 0.12642585551330798 0.1483974358974359
6 0.5860266159695817 0.375 0.12024714828897339 0.14423076923076922
6 0.7933697718631179 0.5238782051282052 0.11383079847908745 0.1451923076923077
6 0.9287072243346007 0.7165064102564103 0.1311787072243346 0.1375
6 0.6316539923954373 0.7544871794871795 0.10693916349809886 0.1621794871794872
6 0.41848859315589354 0.725 0.11549429657794677 0.1608974358974359
6 0.3582461977186312 0.47483974358974357 0.10907794676806083 0.16634615384615384
6 0.23645437262357413 0.2950320512820513 0.12167300380228137 0.1483974358974359
6 0.08020437262357415 0.3908653846153846 0.12428707224334601 0.1483974358974359
6 0.1627851711026616 0.7447115384615385 0.13450570342205323 0.16442307692307692
