60 0.6667062737642585 0.46794871794871795 0.09814638783269962 0.13653846153846153
61 0.7641397338403042 0.7126602564102564 0.11192965779467681 0.1439102564102564
62 0.9310836501901141 0.566025641025641 0.11406844106463879 0.12628205128205128
63 0.2958650190114068 0.7592948717948718 0.09695817490494296 0.13525641025641025
63 0.0762832699619772 0.4794871794871795 0.12072243346007605 0.13397435897435897
64 0.44451045627376423 0.29775641025641025 0.1033745247148289 0.13653846153846153
65 0.4395199619771863 0.5290064102564103 0.10004752851711027 0.13365384615384615
65 0.9067252851711026 0.25849358974358977 0.10860266159695818 0.13942307692307693
66 0.12963403041825095 0.1466346153846154 0.10432509505703422 0.1483974358974359
68 0.4869296577946768 0.8631410256410257 0.10218631178707224 0.1423076923076923
