6 0.5211501901140685 0.1375 0.09648288973384031 0.14487179487179488
6 0.910527566539924 0.383974358974359 0.10432509505703422 0.1346153846153846
6 0.691777566539924 0.277724358974359 0.09885931558935361 0.12275641025641025
6 0.6466254752851711 0.49182692307692305 0.09885931558935361 0.11506410256410256
6 0.7723384030418251 0.7628205128205128 0.10836501901140684 0.12371794871794872
6 0.5144961977186312 0.8104166666666667 0.08317490494296578 0.14198717948717948
6 0.46423479087452474 0.5254807692307693 0.08531368821292776 0.1375
6 0.3341254752851711 0.7625 0.09268060836501901 0.13333333333333333
6 0.2887357414448669 0.32580128205128206 0.10598859315589354 0.14198717948717948
6 0.09208650190114069 0.5088141025641025 0.10670152091254753 0.1387820512820513
