6 0.8823669201520913 0.5381410256410256 0.10836501901140684 0.13974358974358975
6 0.7625950570342205 0.28044871794871795 0.10123574144486693 0.12371794871794872
6 0.6695579847908745 0.5233974358974359 0.10194866920152092 0.1141025641025641
6 0.6778754752851711 0.7442307692307693 0.0872148288973384 0.13141025641025642
6 0.46625475285171103 0.7474358974358974 0.08602661596958175 0.13333333333333333
6 0.47849334600760457 0.46778846153846154 0.09006653992395437 0.12724358974358974
6 0.4852661596958175 0.27355769230769234 0.10361216730038023 0.14198717948717948
6 0.24786121673003803 0.32580128205128206 0.10693916349809886 0.13557692307692307
6 0.0872148288973384 0.42083333333333334 0.11311787072243346 0.13974358974358975
6 0.23847433460076045 0.666826923076923 0.10052281368821293 0.15352564102564104
