60 0.37024714828897337 0.48669871794871794 0.10551330798479087 0.14262820512820512
61 0.5058222433460076 0.2746794871794872 0.10099809885931559 0.1685897435897436
61 0.8873574144486692 0.6225961538461539 0.11074144486692016 0.16442307692307692
62 0.0817490494296578 0.5144230769230769 0.12262357414448669 0.1685897435897436
65 0.7210076045627376 0.8181089743589743 0.11406844106463879 0.13942307692307693
64 0.3502851711026616 0.7177884615384615 0.1002851711026616 0.13365384615384615
66 0.6333174904942965 0.5725961538461538 0.10456273764258556 0.13942307692307693
67 0.9148051330798479 0.4096153846153846 0.10765209125475285 0.15705128205128205
67 0.27756653992395436 0.2985576923076923 0.10551330798479087 0.16698717948717948
68 0.686074144486692 0.38221153846153844 0.09363117870722433 0.15416666666666667
