6 0.910884030418251 0.3248397435897436 0.13545627376425856 0.14006410256410257
6 0.6841730038022814 0.22932692307692307 0.10456273764258556 0.16634615384615384
6 0.5116444866920152 0.15352564102564104 0.11074144486692016 0.1685897435897436
6 0.33056083650190116 0.26826923076923076 0.10266159695817491 0.16346153846153846
6 0.11739543726235742 0.2966346153846154 0.1335551330798479 0.17083333333333334
6 0.8769011406844106 0.5243589743589744 0.11169201520912547 0.14615384615384616
6 0.6833412547528517 0.7043269230769231 0.11240494296577946 0.1387820512820513
6 0.48170152091254753 0.5116987179487179 0.11692015209125475 0.13557692307692307
6 0.3828422053231939 0.7703525641025641 0.10123574144486693 0.1580128205128205
6 0.1415161596958175 0.6471153846153846 0.12333650190114069 0.1608974358974359
