62 0.5913735741444867 0.2221153846153846 0.0872148288973384 0.1685897435897436
62 0.8094106463878327 0.7572115384615384 0.10979087452471482 0.15416666666666667
63 0.11941539923954372 0.3370192307692308 0.10765209125475285 0.1483974358974359
65 0.9142110266159695 0.20608974358974358 0.12595057034220533 0.1685897435897436
65 0.49774239543726234 0.43157051282051284 0.10432509505703422 0.13942307692307693
68 0.7915874524714829 0.4206730769230769 0.10456273764258556 0.16121794871794873
68 0.38474334600760457 0.24471153846153845 0.0979087452471483 0.15865384615384615
66 0.313212927756654 0.7251602564102564 0.10123574144486693 0.13942307692307693
66 0.0971958174904943 0.600801282051282 0.12595057034220533 0.13814102564102565
67 0.5439638783269962 0.7665064102564103 0.0979087452471483 0.14967948717948718
