6 0.44926330798479086 0.1407051282051282 0.09006653992395437 0.11923076923076924
6 0.25427756653992395 0.28044871794871795 0.08935361216730038 0.11538461538461539
6 0.08329372623574144 0.5126602564102564 0.10052281368821293 0.12083333333333333
6 0.6233365019011406 0.27403846153846156 0.09173003802281368 0.12371794871794872
6 0.8278279467680608 0.421474358974359 0.10052281368821293 0.10256410256410256
6 0.9149239543726235 0.6225961538461539 0.09885931558935361 0.12083333333333333
6 0.7012832699619772 0.5733974358974359 0.08460076045627377 0.09487179487179487
6 0.44807509505703425 0.46458333333333335 0.09244296577946769 0.10801282051282052
6 0.30168726235741444 0.7251602564102564 0.10194866920152092 0.11634615384615385
6 0.5837690114068441 0.8291666666666667 0.07770912547528518 0.1282051282051282
