6 0.7444153992395437 0.18701923076923077 0.11240494296577946 0.1548076923076923
6 0.9200332699619772 0.36762820512820515 0.12333650190114069 0.15897435897435896
6 0.716967680608365 0.5809294871794872 0.10836501901140684 0.1310897435897436
6 0.8277091254752852 0.8333333333333334 0.11311787072243346 0.16025641025641027
6 0.5251901140684411 0.6716346153846153 0.09505703422053231 0.15673076923076923
6 0.3369771863117871 0.7334935897435897 0.11549429657794677 0.1548076923076923
6 0.4120722433460076 0.41762820512820514 0.09505703422053231 0.15256410256410258
6 0.279111216730038 0.25224358974358974 0.11240494296577946 0.14166666666666666
6 0.07259980988593157 0.3626602564102564 0.1328422053231939 0.1342948717948718
6 0.1099096958174905 0.6219551282051282 0.1219106463878327 0.13237179487179487
