6 0.8808222433460076 0.31201923076923077 0.10670152091254753 0.13365384615384615
6 0.7301568441064639 0.41923076923076924 0.08531368821292776 0.1346153846153846
6 0.8878326996197718 0.6709935897435897 0.11311787072243346 0.11955128205128206
6 0.6778754752851711 0.7895833333333333 0.10907794676806083 0.1451923076923077
6 0.5572718631178707 0.513301282051282 0.094106463878327 0.13237179487179487
6 0.5382604562737643 0.2602564102564103 0.08602661596958175 0.1346153846153846
6 0.3111929657794677 0.3860576923076923 0.10527566539923955 0.11314102564102564
6 0.1909458174904943 0.23733974358974358 0.10194866920152092 0.1310897435897436
6 0.4215779467680608 0.6924679487179487 0.08697718631178707 0.1387820512820513
6 0.1798954372623574 0.6658653846153846 0.10218631178707224 0.1387820512820513
