6 0.6501901140684411 0.1796474358974359 0.12357414448669202 0.14647435897435898
6 0.8902091254752852 0.3328525641025641 0.12262357414448669 0.1407051282051282
6 0.6137119771863118 0.38092948717948716 0.093393536121673 0.1516025641025641
6 0.42704372623574144 0.2810897435897436 0.0903041825095057 0.15256410256410258
6 0.7653279467680608 0.6230769230769231 0.10670152091254753 0.14743589743589744
6 0.535527566539924 0.600801282051282 0.11383079847908745 0.12596153846153846
6 0.3266397338403042 0.4774038461538462 0.10907794676806083 0.12724358974358974
6 0.13997148288973385 0.5328525641025641 0.10598859315589354 0.12275641025641025
6 0.13438688212927757 0.7868589743589743 0.10147338403041825 0.14423076923076922
6 0.4045865019011407 0.8424679487179487 0.10670152091254753 0.1439102564102564
