60 0.5613117870722434 0.19903846153846153 0.11739543726235742 0.15705128205128205
60 0.7388307984790875 0.34294871794871795 0.11311787072243346 0.1423076923076923
65 0.8658507604562737 0.6423076923076924 0.11097908745247148 0.13397435897435897
66 0.37072243346007605 0.11971153846153847 0.10646387832699619 0.15865384615384615
66 0.6785884030418251 0.7019230769230769 0.10432509505703422 0.1423076923076923
69 0.2554657794676806 0.7615384615384615 0.11311787072243346 0.15128205128205127
68 0.11014733840304182 0.4983974358974359 0.1195342205323194 0.13974358974358975
68 0.5424192015209125 0.502724358974359 0.10765209125475285 0.15096153846153845
68 0.8980513307984791 0.2549679487179487 0.12595057034220533 0.15544871794871795
68 0.4449857414448669 0.7899038461538461 0.11097908745247148 0.15544871794871795
