2 0.43227186311787075 0.18125 0.11644486692015209 0.16442307692307692
2 0.17086501901140685 0.3892628205128205 0.13925855513307986 0.1580128205128205
2 0.07473859315589354 0.6017628205128205 0.14947718631178708 0.14326923076923076
2 0.3982889733840304 0.4998397435897436 0.10361216730038023 0.15929487179487178
2 0.30370722433460073 0.7778846153846154 0.14068441064638784 0.15384615384615385
2 0.7094819391634981 0.30657051282051284 0.10289923954372623 0.14198717948717948
2 0.6110979087452472 0.5830128205128206 0.12096007604562738 0.14423076923076922
2 0.9175380228136882 0.3951923076923077 0.14401140684410646 0.13974358974358975
2 0.8297290874524715 0.7197115384615385 0.15042775665399238 0.16121794871794873
2 0.5627376425855514 0.8248397435897435 0.12262357414448669 0.1387820512820513
