10 0.4086264258555133 0.2520833333333333 0.13474334600760457 0.17467948717948717
10 0.23954372623574144 0.27868589743589745 0.1411596958174905 0.19262820512820514
10 0.719819391634981 0.2591346153846154 0.1444866920152091 0.19134615384615383
10 0.3673954372623574 0.8084935897435898 0.14638783269961977 0.21057692307692308
13 0.567134030418251 0.4282051282051282 0.11858365019011406 0.17756410256410257
14 0.6999762357414449 0.5586538461538462 0.12523764258555134 0.17243589743589743
14 0.5873336501901141 0.7767628205128205 0.12523764258555134 0.18237179487179486
14 0.10289923954372623 0.6564102564102564 0.13545627376425856 0.16987179487179488
15 0.28125 0.4528846153846154 0.11192965779467681 0.183974358974359
16 0.8935361216730038 0.7254807692307692 0.14543726235741444 0.17852564102564103
