2 0.10147338403041825 0.30512820512820515 0.11787072243346007 0.12371794871794872
2 0.33923479087452474 0.2953525641025641 0.08864068441064639 0.11955128205128206
2 0.5472908745247148 0.29118589743589746 0.08555133079847908 0.13237179487179487
2 0.7016397338403042 0.22355769230769232 0.08864068441064639 0.14198717948717948
2 0.8115494296577946 0.3974358974358974 0.08222433460076045 0.11858974358974358
2 0.906962927756654 0.6375 0.09576996197718632 0.1141025641025641
2 0.6509030418250951 0.6166666666666667 0.09173003802281368 0.12179487179487179
2 0.7242157794676806 0.7939102564102564 0.07818441064638783 0.10897435897435898
2 0.3883079847908745 0.6230769230769231 0.09648288973384031 0.12371794871794872
2 0.22338403041825095 0.7479166666666667 0.08317490494296578 0.12147435897435897
