2 0.20829372623574144 0.24903846153846154 0.11478136882129278 0.1608974358974359
2 0.05762832699619772 0.5333333333333333 0.11240494296577946 0.13653846153846153
2 0.2454847908745247 0.5948717948717949 0.10693916349809886 0.12692307692307692
2 0.36656368821292773 0.8248397435897435 0.10670152091254753 0.14326923076923076
2 0.4587690114068441 0.47692307692307695 0.0995722433460076 0.12179487179487179
2 0.6248811787072244 0.20528846153846153 0.0995722433460076 0.11634615384615385
2 0.9173003802281369 0.4790064102564103 0.12737642585551331 0.11955128205128206
2 0.7079372623574145 0.47099358974358974 0.10456273764258556 0.12467948717948718
2 0.5932747148288974 0.6434294871794872 0.09481939163498099 0.14711538461538462
2 0.8855750950570342 0.7618589743589743 0.10670152091254753 0.14487179487179488
