2 0.8048076923076923 0.12262357414448669 0.13653846153846153 0.09173003802281368
2 0.43509615384615385 0.1909458174904943 0.12788461538461537 0.1280893536121673
2 0.41201923076923075 0.3980513307984791 0.1310897435897436 0.09173003802281368
2 0.1717948717948718 0.5729562737642585 0.15705128205128205 0.1002851711026616
2 0.6761217948717949 0.37654467680608367 0.15544871794871795 0.11097908745247148
2 0.5229166666666667 0.5564401140684411 0.13365384615384615 0.09291825095057034
2 0.8480769230769231 0.5553707224334601 0.15705128205128205 0.09695817490494296
2 0.38621794871794873 0.7027091254752852 0.13076923076923078 0.11216730038022814
2 0.5157051282051283 0.8493346007604563 0.13974358974358975 0.13450570342205323
2 0.8157051282051282 0.7197005703422054 0.13525641025641025 0.11002851711026616
