2 0.3903279467680608 0.08253205128205128 0.08769011406844106 0.1548076923076923
2 0.07901615969581749 0.43317307692307694 0.11715779467680608 0.11314102564102564
2 0.26734790874524716 0.4966346153846154 0.07747148288973384 0.11442307692307692
2 0.6457937262357415 0.22451923076923078 0.09244296577946769 0.10993589743589743
2 0.9088640684410646 0.35208333333333336 0.12666349809885932 0.1407051282051282
2 0.5102186311787072 0.5009615384615385 0.08222433460076045 0.1141025641025641
2 0.7036596958174905 0.6753205128205129 0.08935361216730038 0.11538461538461539
2 0.5121197718631179 0.7934294871794871 0.09268060836501901 0.12916666666666668
2 0.15375475285171103 0.7682692307692308 0.1002851711026616 0.13653846153846153
2 0.872861216730038 0.7453525641025641 0.11644486692015209 0.1548076923076923
