11 0.3673954372623574 0.3854166666666667 0.12262357414448669 0.15096153846153845
12 0.08483840304182509 0.5575320512820513 0.12262357414448669 0.1439102564102564
12 0.9183697718631179 0.5993589743589743 0.1480513307984791 0.14038461538461539
15 0.1693203422053232 0.24871794871794872 0.13046577946768062 0.13205128205128205
16 0.5242395437262357 0.20032051282051283 0.11026615969581749 0.13205128205128205
16 0.7955085551330798 0.2746794871794872 0.13141634980988592 0.15576923076923077
16 0.5702233840304183 0.4828525641025641 0.10765209125475285 0.14262820512820512
16 0.25974334600760457 0.7049679487179488 0.11929657794676807 0.16506410256410256
17 0.47124524714828897 0.7097756410256411 0.09838403041825095 0.1625
17 0.7100760456273765 0.7115384615384616 0.12357414448669202 0.15705128205128205
