2 0.42633079847908745 0.23942307692307693 0.11216730038022814 0.14166666666666666
2 0.2656844106463878 0.3876602564102564 0.11692015209125475 0.14198717948717948
2 0.07141159695817491 0.4096153846153846 0.13046577946768062 0.12179487179487179
2 0.4907319391634981 0.4826923076923077 0.09743346007604563 0.13333333333333333
2 0.2249287072243346 0.683974358974359 0.11478136882129278 0.14294871794871794
2 0.43262832699619774 0.7774038461538462 0.09672053231939164 0.15673076923076923
2 0.6759743346007605 0.7730769230769231 0.10052281368821293 0.125
2 0.6822718631178707 0.46153846153846156 0.11787072243346007 0.12692307692307692
2 0.7084125475285171 0.29118589743589746 0.094106463878327 0.12147435897435897
2 0.8855750950570342 0.5612179487179487 0.13046577946768062 0.13012820512820514
