2 0.11620722433460076 0.21923076923076923 0.08222433460076045 0.125
2 0.31475760456273766 0.1310897435897436 0.09196768060836502 0.13653846153846153
2 0.8004990494296578 0.14166666666666666 0.09672053231939164 0.14294871794871794
2 0.48122623574144485 0.3626602564102564 0.08317490494296578 0.11506410256410256
2 0.33091730038022815 0.5969551282051282 0.09101711026615969 0.10993589743589743
2 0.14781368821292776 0.7149038461538462 0.09648288973384031 0.10032051282051282
2 0.7909933460076045 0.4689102564102564 0.093393536121673 0.11217948717948718
2 0.8511169201520913 0.7751602564102564 0.10432509505703422 0.10352564102564103
2 0.6160884030418251 0.7384615384615385 0.08864068441064639 0.10256410256410256
2 0.48835551330798477 0.8173076923076923 0.08317490494296578 0.13012820512820514
