2 0.3544871794871795 0.20853136882129278 0.14551282051282052 0.12048479087452471
2 0.7336538461538461 0.12690114068441063 0.1467948717948718 0.10456273764258556
2 0.5761217948717948 0.3205798479087453 0.1451923076923077 0.10788973384030419
2 0.798397435897436 0.4471245247148289 0.1608974358974359 0.10670152091254753
2 0.4322115384615385 0.5153279467680608 0.15096153846153845 0.10670152091254753
2 0.24951923076923077 0.6108602661596958 0.15993589743589742 0.0971958174904943
2 0.7357371794871795 0.6701520912547528 0.1451923076923077 0.09600760456273764
2 0.4322115384615385 0.7303944866920152 0.1451923076923077 0.12048479087452471
2 0.6645833333333333 0.8931796577946768 0.1439102564102564 0.15565589353612166
2 0.3371794871794872 0.9177756653992395 0.13076923076923078 0.13878326996197718
