2 0.5703422053231939 0.1621794871794872 0.10598859315589354 0.13653846153846153
2 0.30881653992395436 0.1934294871794872 0.08293726235741444 0.13557692307692307
2 0.09553231939163498 0.4033653846153846 0.09648288973384031 0.11314102564102564
2 0.1446055133079848 0.7602564102564102 0.10289923954372623 0.13974358974358975
2 0.43940114068441066 0.8567307692307692 0.09268060836501901 0.13012820512820514
2 0.716967680608365 0.8227564102564102 0.10836501901140684 0.13653846153846153
2 0.3969819391634981 0.40208333333333335 0.09814638783269962 0.11314102564102564
2 0.49750475285171103 0.5330128205128205 0.0872148288973384 0.11858974358974358
2 0.7000950570342205 0.45400641025641025 0.08697718631178707 0.11634615384615385
2 0.9306083650190115 0.5110576923076923 0.10836501901140684 0.11506410256410256
