2 0.43141025641025643 0.15779467680608364 0.11217948717948718 0.1088403041825095
2 0.6854166666666667 0.14662547528517111 0.13942307692307693 0.11216730038022814
2 0.20336538461538461 0.2565351711026616 0.13685897435897437 0.11002851711026616
2 0.8084935897435898 0.3120247148288973 0.11506410256410256 0.09077946768060836
2 0.4947115384615385 0.47480988593155893 0.13237179487179487 0.08982889733840305
2 0.21570512820512822 0.5211501901140685 0.12371794871794872 0.08650190114068441
2 0.9020833333333333 0.5767585551330798 0.15544871794871795 0.09505703422053231
2 0.6264423076923077 0.6872623574144486 0.12788461538461537 0.08317490494296578
2 0.2948717948717949 0.8312737642585551 0.13525641025641025 0.08982889733840305
2 0.5703525641025641 0.8856939163498099 0.13942307692307693 0.11739543726235742
