2 0.3883079847908745 0.23413461538461539 0.10741444866920152 0.15673076923076923
2 0.2534458174904943 0.44326923076923075 0.09576996197718632 0.12692307692307692
2 0.08602661596958175 0.3466346153846154 0.125 0.14711538461538462
2 0.08769011406844106 0.6983974358974359 0.11216730038022814 0.125
2 0.42395437262357416 0.780448717948718 0.09173003802281368 0.11858974358974358
2 0.4781368821292776 0.538301282051282 0.094106463878327 0.12467948717948718
2 0.7060361216730038 0.3141025641025641 0.08935361216730038 0.11858974358974358
2 0.7515446768060836 0.4971153846153846 0.093393536121673 0.13012820512820514
2 0.9136169201520913 0.6818910256410257 0.0995722433460076 0.11955128205128206
2 0.6592205323193916 0.7681089743589744 0.08935361216730038 0.13237179487179487
