2 0.17157794676806085 0.24375 0.1188212927756654 0.12275641025641025
2 0.17312262357414449 0.6280448717948718 0.1280893536121673 0.14198717948717948
2 0.36347433460076045 0.23301282051282052 0.11002851711026616 0.13333333333333333
2 0.3839115969581749 0.4636217948717949 0.11002851711026616 0.13557692307692307
2 0.35551330798479086 0.7144230769230769 0.11311787072243346 0.14423076923076922
2 0.6204847908745247 0.20689102564102563 0.11311787072243346 0.1625
2 0.6185836501901141 0.5286858974358974 0.11216730038022814 0.15673076923076923
2 0.626425855513308 0.7858974358974359 0.10931558935361217 0.16346153846153846
2 0.9032794676806084 0.3386217948717949 0.13450570342205323 0.1503205128205128
2 0.9188450570342205 0.6262820512820513 0.14472433460076045 0.15128205128205127
