2 0.3111929657794677 0.23301282051282052 0.11810836501901141 0.15064102564102563
2 0.20128326996197718 0.42403846153846153 0.0879277566539924 0.12692307692307692
2 0.12179182509505704 0.6450320512820513 0.09814638783269962 0.1439102564102564
2 0.3677519011406844 0.7496794871794872 0.0995722433460076 0.13974358974358975
2 0.5691539923954373 0.484775641025641 0.10218631178707224 0.12275641025641025
2 0.5865019011406845 0.24903846153846154 0.09885931558935361 0.1544871794871795
2 0.8463640684410646 0.21009615384615385 0.09814638783269962 0.14711538461538462
2 0.9096958174904943 0.4560897435897436 0.14068441064638784 0.13333333333333333
2 0.8706036121673004 0.6737179487179488 0.11002851711026616 0.14423076923076922
2 0.6039686311787072 0.7373397435897436 0.10052281368821293 0.14711538461538462
