2 0.7262357414448669 0.1189102564102564 0.09173003802281368 0.11217948717948718
2 0.5335076045627376 0.12147435897435897 0.08460076045627377 0.1346153846153846
2 0.3218868821292776 0.37916666666666665 0.07105513307984791 0.09487179487179487
2 0.13557509505703422 0.3844551282051282 0.08151140684410646 0.10993589743589743
2 0.6720532319391636 0.4533653846153846 0.094106463878327 0.10865384615384616
2 0.879277566539924 0.5325320512820513 0.09743346007604563 0.10673076923076923
2 0.531606463878327 0.6054487179487179 0.08222433460076045 0.1076923076923077
2 0.14615019011406843 0.6434294871794872 0.09173003802281368 0.09583333333333334
2 0.34672053231939165 0.8024038461538462 0.08460076045627377 0.08942307692307692
2 0.7269486692015209 0.8866987179487179 0.07889733840304182 0.10865384615384616
