2 0.4456986692015209 0.13493589743589743 0.09576996197718632 0.13974358974358975
2 0.2656844106463878 0.3056089743589744 0.0979087452471483 0.11826923076923077
2 0.12333650190114069 0.40016025641025643 0.10123574144486693 0.11955128205128206
2 0.2407319391634981 0.6322115384615384 0.10218631178707224 0.12275641025641025
2 0.47065114068441066 0.4908653846153846 0.08388783269961977 0.11314102564102564
2 0.44878802281368824 0.8424679487179487 0.08626425855513307 0.13557692307692307
2 0.6522100760456274 0.8104166666666667 0.08626425855513307 0.12083333333333333
2 0.7087690114068441 0.5798076923076924 0.07913498098859316 0.125
2 0.6901140684410646 0.303525641025641 0.10361216730038023 0.11858974358974358
2 0.9176568441064639 0.41025641025641024 0.0995722433460076 0.125
