2 0.36335551330798477 0.15400641025641026 0.09885931558935361 0.16121794871794873
2 0.25463403041825095 0.3814102564102564 0.11383079847908745 0.12692307692307692
2 0.12096007604562738 0.5344551282051282 0.1359315589353612 0.13237179487179487
2 0.27673479087452474 0.8136217948717949 0.10289923954372623 0.12916666666666668
2 0.438925855513308 0.8157051282051282 0.10123574144486693 0.15064102564102563
2 0.41005228136882127 0.49775641025641026 0.09576996197718632 0.12692307692307692
2 0.5560836501901141 0.3605769230769231 0.09648288973384031 0.13012820512820514
2 0.7609315589353612 0.35673076923076924 0.12024714828897339 0.12051282051282051
2 0.5992157794676806 0.6189102564102564 0.10052281368821293 0.14743589743589744
2 0.8626425855513308 0.7084935897435898 0.09268060836501901 0.12788461538461537
