2 0.9243108365019012 0.4863782051282051 0.11620722433460076 0.1451923076923077
2 0.684291825095057 0.32227564102564105 0.11240494296577946 0.13237179487179487
2 0.4361929657794677 0.0953525641025641 0.09576996197718632 0.15673076923076923
2 0.22302756653992395 0.24807692307692308 0.0995722433460076 0.12692307692307692
2 0.0663022813688213 0.3227564102564103 0.11549429657794677 0.13333333333333333
2 0.4251425855513308 0.4879807692307692 0.09885931558935361 0.12916666666666668
2 0.16682509505703422 0.59375 0.11549429657794677 0.13365384615384615
2 0.6766872623574145 0.6299679487179487 0.0895912547528517 0.14198717948717948
2 0.5900665399239544 0.8669871794871795 0.09648288973384031 0.13141025641025642
2 0.36656368821292773 0.8610576923076924 0.08483840304182509 0.1387820512820513
