2 0.1751425855513308 0.33653846153846156 0.11929657794676807 0.1608974358974359
2 0.0666587452471483 0.5120192307692307 0.10527566539923955 0.1387820512820513
2 0.3883079847908745 0.18493589743589745 0.11406844106463879 0.13141025641025642
2 0.3602661596958175 0.5121794871794871 0.11644486692015209 0.1346153846153846
2 0.26176330798479086 0.8227564102564102 0.12666349809885932 0.13653846153846153
2 0.660884030418251 0.24471153846153845 0.11311787072243346 0.18044871794871795
2 0.5457461977186312 0.555448717948718 0.0995722433460076 0.13974358974358975
2 0.6457937262357415 0.7522435897435897 0.10527566539923955 0.13205128205128205
2 0.8597908745247148 0.6326923076923077 0.13450570342205323 0.13012820512820514
2 0.8847433460076045 0.3088141025641026 0.14163498098859315 0.1528846153846154
