2 0.3427994296577947 0.2032051282051282 0.10052281368821293 0.15705128205128205
2 0.08056083650190114 0.3386217948717949 0.1311787072243346 0.16121794871794873
2 0.6418726235741445 0.2671474358974359 0.09268060836501901 0.13365384615384615
2 0.9052994296577946 0.32259615384615387 0.12428707224334601 0.11634615384615385
2 0.40209125475285173 0.46618589743589745 0.09885931558935361 0.13044871794871796
2 0.7846958174904943 0.5291666666666667 0.10266159695817491 0.13653846153846153
2 0.5746197718631179 0.7565705128205128 0.11787072243346007 0.1580128205128205
2 0.3626425855513308 0.7719551282051282 0.10361216730038023 0.12467948717948718
2 0.16124049429657794 0.7405448717948718 0.11715779467680608 0.11955128205128206
2 0.8669201520912547 0.7612179487179487 0.12975285171102663 0.15897435897435896
