2 0.27673479087452474 0.22275641025641027 0.0995722433460076 0.15576923076923077
2 0.15850760456273763 0.36650641025641023 0.10503802281368821 0.1503205128205128
2 0.21542300380228138 0.5974358974358974 0.10194866920152092 0.1346153846153846
2 0.46031368821292773 0.3108974358974359 0.09980988593155894 0.15064102564102563
2 0.6490019011406845 0.19935897435897437 0.10836501901140684 0.12179487179487179
2 0.5255465779467681 0.538301282051282 0.09576996197718632 0.12467948717948718
2 0.37963403041825095 0.6402243589743589 0.09196768060836502 0.12147435897435897
2 0.4251425855513308 0.8823717948717948 0.09885931558935361 0.1685897435897436
2 0.7059173003802282 0.7506410256410256 0.10052281368821293 0.12051282051282051
2 0.7688925855513308 0.4395833333333333 0.0995722433460076 0.12788461538461537
