15 0.47338403041825095 0.5222756410256411 0.10408745247148289 0.1483974358974359
14 0.6933222433460076 0.5895833333333333 0.11668250950570343 0.15096153846153845
14 0.26936787072243346 0.5222756410256411 0.10004752851711027 0.14647435897435898
14 0.07640209125475285 0.6913461538461538 0.11763307984790874 0.14743589743589744
14 0.06974809885931559 0.3211538461538462 0.1195342205323194 0.15
13 0.44344106463878324 0.2703525641025641 0.11692015209125475 0.1733974358974359
13 0.9279942965779467 0.6290064102564102 0.12357414448669202 0.13557692307692307
12 0.72231463878327 0.8528846153846154 0.11763307984790874 0.16153846153846155
12 0.41872623574144485 0.8088141025641026 0.10931558935361217 0.1580128205128205
11 0.7379990494296578 0.3342948717948718 0.11858365019011406 0.16153846153846155
