2 0.30299429657794674 0.24807692307692308 0.11549429657794677 0.15897435897435896
2 0.09279942965779468 0.5131410256410256 0.125712927756654 0.15384615384615385
2 0.5197243346007605 0.14807692307692308 0.10598859315589354 0.1685897435897436
2 0.6956986692015209 0.26458333333333334 0.10670152091254753 0.15993589743589742
2 0.49560361216730037 0.39791666666666664 0.10527566539923955 0.12788461538461537
2 0.4199144486692015 0.6375 0.11074144486692016 0.13974358974358975
2 0.7874287072243346 0.5211538461538462 0.10670152091254753 0.14615384615384616
2 0.5773526615969582 0.8131410256410256 0.11715779467680608 0.14743589743589744
2 0.8935361216730038 0.7868589743589743 0.13688212927756654 0.15064102564102563
2 0.22980038022813687 0.8483974358974359 0.14163498098859315 0.14935897435897436
