2 0.27519011406844107 0.3056089743589744 0.12167300380228137 0.1483974358974359
2 0.09125475285171103 0.5040064102564102 0.10693916349809886 0.12916666666666668
2 0.22029467680608364 0.7479166666666667 0.094106463878327 0.1516025641025641
2 0.4234790874524715 0.37756410256410255 0.094106463878327 0.11538461538461539
2 0.47290874524714827 0.757051282051282 0.09648288973384031 0.13782051282051283
2 0.6299904942965779 0.5152243589743589 0.10361216730038023 0.1451923076923077
2 0.6696768060836502 0.21971153846153846 0.10836501901140684 0.13237179487179487
2 0.7767347908745247 0.46618589743589745 0.10432509505703422 0.1342948717948718
2 0.8452946768060836 0.6807692307692308 0.10361216730038023 0.1346153846153846
2 0.6640922053231939 0.7943910256410256 0.0971958174904943 0.1310897435897436
