2 0.5690351711026616 0.11073717948717948 0.09101711026615969 0.11955128205128206
2 0.07699619771863118 0.33557692307692305 0.09743346007604563 0.125
2 0.48918726235741444 0.36153846153846153 0.08769011406844106 0.12371794871794872
2 0.30810361216730037 0.4751602564102564 0.11002851711026616 0.12275641025641025
2 0.2656844106463878 0.7618589743589743 0.08555133079847908 0.14294871794871794
2 0.7989543726235742 0.1908653846153846 0.10266159695817491 0.11314102564102564
2 0.813569391634981 0.5024038461538461 0.11145437262357415 0.11955128205128206
2 0.8400665399239544 0.7842948717948718 0.11406844106463879 0.14102564102564102
2 0.5188925855513308 0.6262820512820513 0.09814638783269962 0.1282051282051282
2 0.5497861216730038 0.7900641025641025 0.08864068441064639 0.11217948717948718
