2 0.40292300380228135 0.10400641025641026 0.09244296577946769 0.16121794871794873
2 0.17193441064638784 0.45064102564102565 0.11145437262357415 0.12692307692307692
2 0.11228612167300381 0.8232371794871794 0.11858365019011406 0.13557692307692307
2 0.40339828897338403 0.4171474358974359 0.093393536121673 0.11506410256410256
2 0.6449619771863118 0.36169871794871794 0.10836501901140684 0.12596153846153846
2 0.8755941064638784 0.31522435897435896 0.11715779467680608 0.11185897435897436
2 0.48003802281368824 0.6027243589743589 0.09648288973384031 0.1387820512820513
2 0.32497623574144485 0.8791666666666667 0.10765209125475285 0.14102564102564102
2 0.5876901140684411 0.8759615384615385 0.08840304182509506 0.14935897435897436
2 0.7772100760456274 0.8759615384615385 0.11002851711026616 0.14102564102564102
