2 0.5911858974358974 0.10016634980988594 0.13814102564102565 0.12381178707224334
2 0.37900641025641024 0.21340304182509506 0.15096153846153845 0.12595057034220533
2 0.34375 0.37975285171102663 0.13237179487179487 0.1088403041825095
2 0.683974358974359 0.32224334600760457 0.15384615384615385 0.1002851711026616
2 0.7948717948717948 0.47100760456273766 0.1282051282051282 0.10361216730038023
2 0.521474358974359 0.5431321292775665 0.1423076923076923 0.09386882129277567
2 0.29118589743589746 0.6108602661596958 0.12211538461538461 0.09909695817490494
2 0.680448717948718 0.6952233840304183 0.1294871794871795 0.09909695817490494
2 0.27900641025641026 0.8019249049429658 0.15544871794871795 0.12286121673003803
2 0.5717948717948718 0.9188450570342205 0.14551282051282052 0.13236692015209126
