2 0.9017347908745247 0.38669871794871796 0.09481939163498099 0.12724358974358974
2 0.6481701520912547 0.41394230769230766 0.0971958174904943 0.11762820512820513
2 0.5204372623574145 0.1439102564102564 0.09648288973384031 0.16025641025641027
2 0.40304182509505704 0.17211538461538461 0.08460076045627377 0.11858974358974358
2 0.12250475285171103 0.25769230769230766 0.08246197718631179 0.12051282051282051
2 0.5049904942965779 0.48493589743589743 0.094106463878327 0.12692307692307692
2 0.3337690114068441 0.4091346153846154 0.0995722433460076 0.10993589743589743
2 0.126069391634981 0.6459935897435898 0.09434410646387832 0.12275641025641025
2 0.4540161596958175 0.7105769230769231 0.08531368821292776 0.14102564102564102
2 0.8334125475285171 0.6626602564102564 0.10836501901140684 0.1387820512820513
