2 0.4227661596958175 0.10272435897435897 0.09268060836501901 0.12275641025641025
2 0.2962214828897338 0.41073717948717947 0.07675855513307984 0.10480769230769231
2 0.2218393536121673 0.6450320512820513 0.08769011406844106 0.09262820512820513
2 0.47065114068441066 0.3541666666666667 0.07438212927756654 0.10256410256410256
2 0.49120722433460073 0.5350961538461538 0.08079847908745247 0.10801282051282052
2 0.35586977186311786 0.8365384615384616 0.07770912547528518 0.11730769230769231
2 0.5737880228136882 0.7772435897435898 0.08151140684410646 0.1076923076923077
2 0.6861929657794676 0.5532051282051282 0.07533269961977186 0.11217948717948718
2 0.6715779467680608 0.2916666666666667 0.09173003802281368 0.11217948717948718
2 0.8706036121673004 0.6294871794871795 0.10527566539923955 0.12179487179487179
