3 0.45045152091254753 0.17868589743589744 0.10052281368821293 0.13557692307692307
3 0.6758555133079848 0.24791666666666667 0.10361216730038023 0.12467948717948718
3 0.8820104562737643 0.34134615384615385 0.09672053231939164 0.11730769230769231
3 0.8602661596958175 0.5761217948717948 0.09553231939163498 0.10865384615384616
3 0.5070104562737643 0.6060897435897435 0.11097908745247148 0.11730769230769231
3 0.7218393536121673 0.7767628205128205 0.09244296577946769 0.12403846153846154
3 0.3677519011406844 0.8844551282051282 0.10765209125475285 0.13237179487179487
3 0.15850760456273763 0.6615384615384615 0.11169201520912547 0.11538461538461539
3 0.0659458174904943 0.41442307692307695 0.11810836501901141 0.13974358974358975
3 0.2846958174904943 0.3386217948717949 0.10598859315589354 0.12275641025641025
