3 0.8229166666666666 0.1408032319391635 0.13237179487179487 0.10670152091254753
3 0.5876602564102564 0.2410884030418251 0.11634615384615385 0.10242395437262357
3 0.33942307692307694 0.18179657794676807 0.1294871794871795 0.12072243346007605
3 0.1703525641025641 0.4769486692015209 0.1310897435897436 0.09173003802281368
3 0.5487179487179488 0.42740019011406843 0.14807692307692308 0.08436311787072244
3 0.8371794871794872 0.5553707224334601 0.13525641025641025 0.10551330798479087
3 0.4775641025641026 0.6539923954372624 0.11794871794871795 0.1088403041825095
3 0.24022435897435898 0.8072718631178707 0.13237179487179487 0.10788973384030419
3 0.44310897435897434 0.9155180608365019 0.1439102564102564 0.1195342205323194
3 0.7286858974358974 0.8606226235741445 0.12532051282051282 0.11430608365019011
