3 0.4623397435897436 0.09969106463878327 0.1451923076923077 0.11430608365019011
3 0.18830128205128205 0.36798954372623577 0.13814102564102565 0.11097908745247148
3 0.8480769230769231 0.23788022813688212 0.125 0.1088403041825095
3 0.5270833333333333 0.33234315589353614 0.11378205128205128 0.11002851711026616
3 0.8099358974358974 0.5131891634980988 0.13525641025641025 0.11097908745247148
3 0.502724358974359 0.5168726235741445 0.14262820512820512 0.08650190114068441
3 0.32724358974358975 0.6145437262357415 0.13397435897435897 0.1088403041825095
3 0.7913461538461538 0.7319391634980988 0.1467948717948718 0.10456273764258556
3 0.6955128205128205 0.9193203422053232 0.15705128205128205 0.11858365019011406
3 0.3998397435897436 0.8622861216730038 0.14647435897435898 0.10670152091254753
