3 0.6960551330798479 0.11618589743589744 0.08222433460076045 0.13685897435897437
3 0.438569391634981 0.11842948717948718 0.09909695817490494 0.13237179487179487
3 0.40850760456273766 0.38285256410256413 0.08127376425855513 0.12596153846153846
3 0.6663498098859315 0.32596153846153847 0.10361216730038023 0.1076923076923077
3 0.1964115969581749 0.5451923076923076 0.08626425855513307 0.11538461538461539
3 0.4777804182509506 0.6017628205128205 0.08864068441064639 0.11762820512820513
3 0.6447243346007605 0.5852564102564103 0.08222433460076045 0.13141025641025642
3 0.8946055133079848 0.5270833333333333 0.10907794676806083 0.11762820512820513
3 0.687856463878327 0.8594551282051283 0.09101711026615969 0.1375
3 0.45484790874524716 0.8317307692307693 0.09648288973384031 0.12692307692307692
