3 0.2534458174904943 0.23413461538461539 0.10052281368821293 0.12275641025641025
3 0.48918726235741444 0.25544871794871793 0.10527566539923955 0.125
3 0.7890922053231939 0.22772435897435897 0.10052281368821293 0.12275641025641025
3 0.6671815589353612 0.44375 0.09101711026615969 0.13237179487179487
3 0.8222433460076045 0.5754807692307692 0.10218631178707224 0.13557692307692307
3 0.44997623574144485 0.5089743589743589 0.08864068441064639 0.14102564102564102
3 0.2981226235741445 0.6299679487179487 0.09196768060836502 0.1439102564102564
3 0.09315589353612168 0.4790064102564103 0.12024714828897339 0.1407051282051282
3 0.3685836501901141 0.8681089743589744 0.09648288973384031 0.12916666666666668
3 0.7296815589353612 0.7858974358974359 0.10670152091254753 0.13141025641025642
