3 0.3530448717948718 0.11311787072243346 0.11378205128205128 0.1088403041825095
3 0.5883012820512821 0.19035171102661597 0.13814102564102565 0.09695817490494296
3 0.8264423076923076 0.28481463878326996 0.12532051282051282 0.10670152091254753
3 0.6532051282051282 0.44866920152091255 0.14102564102564102 0.08650190114068441
3 0.3798076923076923 0.3681083650190114 0.11794871794871795 0.10456273764258556
3 0.35096153846153844 0.5521625475285171 0.14102564102564102 0.08436311787072244
3 0.5573717948717949 0.6301093155893536 0.11666666666666667 0.10147338403041825
3 0.28397435897435896 0.7288498098859315 0.13076923076923078 0.1088403041825095
3 0.7681089743589744 0.6829847908745247 0.13814102564102565 0.1088403041825095
3 0.5222756410256411 0.8990019011406845 0.1439102564102564 0.11216730038022814
