3 0.41718155893536124 0.09583333333333334 0.08769011406844106 0.14935897435897436
3 0.2590304182509506 0.23477564102564102 0.09885931558935361 0.12596153846153846
3 0.1280893536121673 0.5788461538461539 0.10598859315589354 0.13141025641025642
3 0.6897576045627376 0.16634615384615384 0.093393536121673 0.14102564102564102
3 0.8234315589353612 0.41618589743589746 0.10456273764258556 0.1387820512820513
3 0.8269961977186312 0.6583333333333333 0.11787072243346007 0.12179487179487179
3 0.5749762357414449 0.4091346153846154 0.08388783269961977 0.14006410256410257
3 0.598384030418251 0.7176282051282051 0.094106463878327 0.14615384615384616
3 0.39472433460076045 0.5921474358974359 0.09173003802281368 0.13237179487179487
3 0.32461977186311786 0.8349358974358975 0.08935361216730038 0.13782051282051283
