3 0.4361929657794677 0.14775641025641026 0.07818441064638783 0.12692307692307692
3 0.785171102661597 0.35673076923076924 0.094106463878327 0.11217948717948718
3 0.6169201520912547 0.2900641025641026 0.0903041825095057 0.10897435897435898
3 0.35384980988593157 0.3439102564102564 0.07842205323193917 0.12692307692307692
3 0.3993583650190114 0.5362179487179487 0.09006653992395437 0.10576923076923077
3 0.10670152091254753 0.48701923076923076 0.10456273764258556 0.12724358974358974
3 0.28588403041825095 0.7261217948717948 0.09268060836501901 0.13365384615384615
3 0.7118583650190115 0.5548076923076923 0.08056083650190114 0.11089743589743589
3 0.5535884030418251 0.6540064102564103 0.08388783269961977 0.10032051282051282
3 0.598384030418251 0.9006410256410257 0.07652091254752852 0.12371794871794872
