3 0.24916825095057035 0.21169871794871795 0.09814638783269962 0.1310897435897436
3 0.12298003802281368 0.5713141025641025 0.09576996197718632 0.11634615384615385
3 0.504634030418251 0.1658653846153846 0.0995722433460076 0.12916666666666668
3 0.8602661596958175 0.257051282051282 0.09268060836501901 0.11538461538461539
3 0.7356226235741445 0.42788461538461536 0.09481939163498099 0.1282051282051282
3 0.5093868821292775 0.4721153846153846 0.08246197718631179 0.13333333333333333
3 0.3025190114068441 0.5099358974358974 0.10218631178707224 0.10897435897435898
3 0.3831986692015209 0.7907051282051282 0.08769011406844106 0.13012820512820514
3 0.6002851711026616 0.7357371794871795 0.09648288973384031 0.13557692307692307
3 0.9005465779467681 0.6931089743589743 0.11145437262357415 0.12916666666666668
