3 0.37167300380228135 0.1576923076923077 0.08697718631178707 0.13653846153846153
3 0.09327471482889733 0.46826923076923077 0.08531368821292776 0.10256410256410256
3 0.4208650190114068 0.4737179487179487 0.09648288973384031 0.10448717948717949
3 0.2846958174904943 0.6775641025641026 0.09505703422053231 0.10897435897435898
3 0.3827233840304182 0.857852564102564 0.07913498098859316 0.12596153846153846
3 0.6023051330798479 0.8525641025641025 0.07675855513307984 0.12371794871794872
3 0.6301093155893536 0.5169871794871795 0.10052281368821293 0.11217948717948718
3 0.7098384030418251 0.18717948717948718 0.08460076045627377 0.125
3 0.9302519011406845 0.5245192307692308 0.10765209125475285 0.11634615384615385
3 0.7383555133079848 0.6791666666666667 0.09743346007604563 0.1141025641025641
