3 0.6126602564102565 0.13747623574144488 0.1092948717948718 0.0895912547528517
3 0.2903846153846154 0.19997623574144488 0.12371794871794872 0.10147338403041825
3 0.34439102564102564 0.34731463878326996 0.13365384615384615 0.08436311787072244
3 0.64375 0.35800855513307983 0.11057692307692307 0.10147338403041825
3 0.7084935897435898 0.5442015209125475 0.11955128205128206 0.10456273764258556
3 0.8041666666666667 0.6872623574144486 0.13525641025641025 0.10456273764258556
3 0.43365384615384617 0.5446768060836502 0.11089743589743589 0.10123574144486693
3 0.30849358974358976 0.7991920152091255 0.11057692307692307 0.10456273764258556
3 0.6322115384615384 0.8237880228136882 0.13942307692307693 0.10242395437262357
3 0.4480769230769231 0.9220532319391636 0.11923076923076924 0.09600760456273764
