3 0.39710076045627374 0.1358974358974359 0.10123574144486693 0.13141025641025642
3 0.15850760456273763 0.14871794871794872 0.10836501901140684 0.13141025641025642
3 0.8504039923954373 0.25432692307692306 0.10765209125475285 0.1483974358974359
3 0.6557747148288974 0.3317307692307692 0.10289923954372623 0.12371794871794872
3 0.3499287072243346 0.3969551282051282 0.10194866920152092 0.11955128205128206
3 0.18429182509505704 0.5419871794871794 0.10765209125475285 0.11089743589743589
3 0.9188450570342205 0.5948717948717949 0.12096007604562738 0.12692307692307692
3 0.7395437262357415 0.6737179487179488 0.11074144486692016 0.125
3 0.4521150190114068 0.7133012820512821 0.08626425855513307 0.11826923076923077
3 0.10076045627376426 0.83125 0.10361216730038023 0.13237179487179487
