3 0.33887832699619774 0.058493589743589744 0.09885931558935361 0.11506410256410256
3 0.3123811787072243 0.30448717948717946 0.09481939163498099 0.10128205128205128
3 0.11490019011406843 0.5697115384615384 0.09576996197718632 0.11955128205128206
3 0.28552756653992395 0.5975961538461538 0.09481939163498099 0.12596153846153846
3 0.8199857414448669 0.2676282051282051 0.09101711026615969 0.12179487179487179
3 0.6272576045627376 0.24903846153846154 0.09196768060836502 0.1141025641025641
3 0.5465779467680608 0.4011217948717949 0.08079847908745247 0.13685897435897437
3 0.9025665399239544 0.4806089743589744 0.10931558935361217 0.11634615384615385
3 0.7135218631178707 0.6487179487179487 0.10432509505703422 0.11282051282051282
3 0.5005941064638784 0.8391025641025641 0.093393536121673 0.13333333333333333
