27 0.5020833333333333 0.4619771863117871 0.1503205128205128 0.09980988593155894
27 0.6118589743589744 0.9067252851711026 0.16602564102564102 0.13141634980988592
26 0.28926282051282054 0.5061787072243346 0.1560897435897436 0.10218631178707224
24 0.2849358974358974 0.6985503802281369 0.15064102564102563 0.10622623574144487
24 0.8282051282051283 0.7863593155893536 0.14743589743589744 0.10931558935361217
23 0.6474358974358975 0.6286834600760456 0.1346153846153846 0.11763307984790874
21 0.19631410256410256 0.9140922053231939 0.17147435897435898 0.11668250950570343
19 0.8650641025641026 0.21280893536121673 0.1391025641025641 0.12523764258555134
19 0.336698717948718 0.1150190114068441 0.1375 0.12927756653992395
18 0.5126602564102564 0.3179657794676806 0.14326923076923076 0.10836501901140684
