19 0.10967205323193917 0.35224358974358977 0.12286121673003803 0.1467948717948718
19 0.5440826996197718 0.4235576923076923 0.1195342205323194 0.13493589743589743
20 0.8824857414448669 0.6924679487179487 0.13141634980988592 0.16698717948717948
22 0.3643060836501901 0.7097756410256411 0.11739543726235742 0.14967948717948718
22 0.345888783269962 0.3923076923076923 0.1195342205323194 0.15128205128205127
23 0.5515684410646388 0.1858974358974359 0.0979087452471483 0.15384615384615385
23 0.6043250950570342 0.7375 0.10218631178707224 0.1641025641025641
23 0.15434885931558937 0.7272435897435897 0.13046577946768062 0.14102564102564102
25 0.8013307984790875 0.4373397435897436 0.11311787072243346 0.1657051282051282
27 0.9131416349809885 0.22291666666666668 0.13236692015209126 0.16698717948717948
