3 0.49407051282051284 0.12797053231939162 0.10801282051282052 0.09624524714828897
3 0.26971153846153845 0.1680133079847909 0.12532051282051282 0.10551330798479087
3 0.2703525641025641 0.40327946768060835 0.1407051282051282 0.08317490494296578
3 0.7035256410256411 0.44759980988593157 0.13525641025641025 0.08626425855513307
3 0.5157051282051283 0.5538260456273765 0.10512820512820513 0.10242395437262357
3 0.2501602564102564 0.5815114068441065 0.1266025641025641 0.09173003802281368
3 0.7294871794871794 0.7138783269961977 0.13525641025641025 0.1002851711026616
3 0.26971153846153845 0.7400190114068441 0.11955128205128206 0.11216730038022814
3 0.45592948717948717 0.9246673003802282 0.13814102564102565 0.10551330798479087
3 0.7775641025641026 0.20686787072243346 0.14551282051282052 0.10242395437262357
