18 0.5779467680608364 0.8516025641025641 0.09458174904942966 0.15384615384615385
18 0.7932509505703422 0.8217948717948718 0.10979087452471482 0.13205128205128205
18 0.30715304182509506 0.7266025641025641 0.10860266159695818 0.13076923076923078
18 0.10800855513307984 0.5057692307692307 0.1280893536121673 0.13076923076923078
19 0.8196292775665399 0.47596153846153844 0.11739543726235742 0.14102564102564102
20 0.8443441064638784 0.20625 0.12357414448669202 0.13365384615384615
21 0.2156606463878327 0.20112179487179488 0.10860266159695818 0.1528846153846154
23 0.6069391634980988 0.3762820512820513 0.09695817490494296 0.13653846153846153
26 0.40470532319391633 0.2607371794871795 0.10123574144486693 0.13493589743589743
27 0.5073669201520913 0.6197115384615385 0.08935361216730038 0.1439102564102564
