3 0.08971007604562738 0.222275641025641 0.10670152091254753 0.12916666666666668
3 0.49702946768060835 0.12163461538461538 0.08151140684410646 0.1387820512820513
3 0.9306083650190115 0.2693910256410256 0.10693916349809886 0.14198717948717948
3 0.684291825095057 0.4049679487179487 0.093393536121673 0.14198717948717948
3 0.47255228136882127 0.49439102564102566 0.08151140684410646 0.12916666666666668
3 0.25701045627376423 0.48541666666666666 0.09481939163498099 0.12596153846153846
3 0.18227186311787072 0.7681089743589744 0.09268060836501901 0.11955128205128206
3 0.4461739543726236 0.7318910256410256 0.08388783269961977 0.11314102564102564
3 0.6977186311787072 0.795352564102564 0.0903041825095057 0.11634615384615385
3 0.910884030418251 0.694551282051282 0.10503802281368821 0.1346153846153846
