3 0.4465304182509506 0.1576923076923077 0.09268060836501901 0.12371794871794872
3 0.26105038022813687 0.2064102564102564 0.093393536121673 0.1076923076923077
3 0.1600522813688213 0.5607371794871795 0.10194866920152092 0.10993589743589743
3 0.4151615969581749 0.503525641025641 0.07747148288973384 0.13012820512820514
3 0.407319391634981 0.7334935897435897 0.08079847908745247 0.11634615384615385
3 0.660527566539924 0.520673076923077 0.08864068441064639 0.12788461538461537
3 0.6989068441064639 0.2565705128205128 0.0879277566539924 0.13557692307692307
3 0.9195579847908745 0.43637820512820513 0.0971958174904943 0.12596153846153846
3 0.8546815589353612 0.7256410256410256 0.10527566539923955 0.1346153846153846
3 0.5952946768060836 0.7325320512820512 0.08460076045627377 0.12275641025641025
