27 0.3830798479087453 0.33557692307692305 0.10123574144486693 0.15705128205128205
26 0.7189876425855514 0.22291666666666668 0.11192965779467681 0.1439102564102564
25 0.5682034220532319 0.6458333333333334 0.09885931558935361 0.1467948717948718
25 0.47195817490494296 0.8639423076923077 0.08935361216730038 0.16121794871794873
24 0.5235266159695817 0.1684294871794872 0.09363117870722433 0.15673076923076923
23 0.15434885931558937 0.6474358974358975 0.1195342205323194 0.15833333333333333
22 0.7985979087452472 0.7155448717948718 0.11192965779467681 0.1439102564102564
21 0.3438688212927757 0.5621794871794872 0.11739543726235742 0.125
18 0.14674429657794677 0.2919871794871795 0.1195342205323194 0.13397435897435897
18 0.6456749049429658 0.4126602564102564 0.10551330798479087 0.1451923076923077
