3 0.5222756410256411 0.11359315589353612 0.12083333333333333 0.11644486692015209
3 0.23798076923076922 0.28374524714828897 0.1310897435897436 0.09600760456273764
3 0.8192307692307692 0.2592680608365019 0.15128205128205127 0.10456273764258556
3 0.5697115384615384 0.31570817490494296 0.1266025641025641 0.10242395437262357
3 0.23798076923076922 0.5373098859315589 0.14262820512820512 0.09077946768060836
3 0.4911858974358974 0.5532319391634981 0.12788461538461537 0.11216730038022814
3 0.7443910256410257 0.5825807984790875 0.12532051282051282 0.11097908745247148
3 0.7790064102564103 0.8376901140684411 0.1451923076923077 0.11311787072243346
3 0.46602564102564104 0.9252614068441065 0.14102564102564102 0.1195342205323194
3 0.2637820512820513 0.816421102661597 0.1423076923076923 0.11525665399239544
