18 0.9118589743589743 0.5335076045627376 0.14743589743589744 0.08935361216730038
19 0.5182692307692308 0.5104562737642585 0.14615384615384616 0.09980988593155894
19 0.3735576923076923 0.33745247148288976 0.14326923076923076 0.10741444866920152
20 0.7551282051282051 0.6560123574144486 0.1576923076923077 0.09672053231939164
21 0.5536858974358975 0.16290399239543726 0.1375 0.1157319391634981
22 0.41618589743589746 0.6980750950570342 0.13493589743589743 0.1157319391634981
23 0.17852564102564103 0.7028279467680608 0.16474358974358974 0.09767110266159695
25 0.6911858974358974 0.32640209125475284 0.14326923076923076 0.10622623574144487
25 0.5693910256410256 0.9010218631178707 0.15737179487179487 0.13236692015209126
27 0.22387820512820514 0.4688688212927757 0.14198717948717948 0.10931558935361217
