3 0.9338165399239544 0.5495192307692308 0.13046577946768062 0.15352564102564104
3 0.778398288973384 0.6780448717948718 0.12666349809885932 0.16762820512820512
3 0.7653279467680608 0.27724358974358976 0.13379277566539924 0.14294871794871794
3 0.5240019011406845 0.11682692307692308 0.11787072243346007 0.16121794871794873
3 0.5834125475285171 0.4790064102564103 0.10836501901140684 0.14967948717948718
3 0.5430133079847909 0.7612179487179487 0.09885931558935361 0.1782051282051282
3 0.36894011406844107 0.3919871794871795 0.10527566539923955 0.1717948717948718
3 0.16207224334600762 0.222275641025641 0.1188212927756654 0.1483974358974359
3 0.09208650190114069 0.5397435897435897 0.12096007604562738 0.13653846153846153
3 0.2561787072243346 0.8131410256410256 0.1188212927756654 0.14743589743589744
