3 0.23847433460076045 0.22291666666666668 0.10670152091254753 0.1451923076923077
3 0.1953422053231939 0.5366987179487179 0.11074144486692016 0.11762820512820513
3 0.24750475285171103 0.7831730769230769 0.10289923954372623 0.14967948717948718
3 0.39341730038022815 0.39791666666666664 0.10194866920152092 0.11955128205128206
3 0.6303469581749049 0.20801282051282052 0.11240494296577946 0.12179487179487179
3 0.8507604562737643 0.30400641025641023 0.11929657794676807 0.15352564102564104
3 0.6403279467680608 0.5137820512820512 0.10670152091254753 0.11858974358974358
3 0.8815351711026616 0.5985576923076923 0.12096007604562738 0.1407051282051282
3 0.7075807984790875 0.8392628205128205 0.10527566539923955 0.12467948717948718
3 0.4852661596958175 0.7201923076923077 0.09553231939163498 0.14743589743589744
