3 0.4272435897435897 0.13379277566539924 0.14102564102564102 0.10361216730038023
3 0.799198717948718 0.1675380228136882 0.13942307692307693 0.10456273764258556
3 0.21842948717948718 0.23467205323193915 0.12083333333333333 0.09386882129277567
3 0.5121794871794871 0.30192490494296575 0.11217948717948718 0.10052281368821293
3 0.6293269230769231 0.4945342205323194 0.14262820512820512 0.0779467680608365
3 0.8033653846153846 0.6343868821292775 0.12532051282051282 0.1033745247148289
3 0.2955128205128205 0.5163973384030418 0.125 0.09173003802281368
3 0.46458333333333335 0.6727661596958175 0.1092948717948718 0.09505703422053231
3 0.26971153846153845 0.8445817490494296 0.15096153846153845 0.10788973384030419
3 0.5761217948717948 0.904824144486692 0.1310897435897436 0.11097908745247148
