3 0.05608365019011407 0.2858974358974359 0.09648288973384031 0.12179487179487179
3 0.2953897338403042 0.34294871794871795 0.08460076045627377 0.125
3 0.47849334600760457 0.17756410256410257 0.07580798479087453 0.125
3 0.18500475285171103 0.6049679487179487 0.10147338403041825 0.10224358974358974
3 0.07616444866920152 0.7533653846153846 0.10052281368821293 0.12788461538461537
3 0.2898051330798479 0.8536858974358974 0.08626425855513307 0.11506410256410256
3 0.5343393536121673 0.8894230769230769 0.07675855513307984 0.12692307692307692
3 0.528398288973384 0.500801282051282 0.07438212927756654 0.11634615384615385
3 0.7609315589353612 0.23413461538461539 0.08222433460076045 0.09903846153846153
3 0.9235979087452472 0.6022435897435897 0.10052281368821293 0.12051282051282051
