3 0.5924429657794676 0.25544871794871793 0.09980988593155894 0.11602564102564103
3 0.7843393536121673 0.3296474358974359 0.10527566539923955 0.12596153846153846
3 0.375712927756654 0.29278846153846155 0.10598859315589354 0.11442307692307692
3 0.17038973384030418 0.35368589743589746 0.10693916349809886 0.12275641025641025
3 0.4714828897338403 0.500801282051282 0.09648288973384031 0.11634615384615385
3 0.9208650190114068 0.6274038461538461 0.11549429657794677 0.14711538461538462
3 0.6980750950570342 0.6333333333333333 0.10052281368821293 0.125
3 0.4998811787072243 0.7634615384615384 0.10765209125475285 0.13333333333333333
3 0.2743583650190114 0.711698717948718 0.0995722433460076 0.12596153846153846
3 0.09244296577946769 0.5623397435897436 0.11406844106463879 0.13237179487179487
