3 0.3501602564102564 0.10717680608365018 0.11634615384615385 0.11644486692015209
3 0.7725961538461539 0.20532319391634982 0.1439102564102564 0.10551330798479087
3 0.45592948717948717 0.33079847908745247 0.1439102564102564 0.08745247148288973
3 0.5948717948717949 0.44759980988593157 0.1423076923076923 0.08008555133079848
3 0.30496794871794874 0.5500237642585551 0.1266025641025641 0.10147338403041825
3 0.7876602564102564 0.559648288973384 0.12211538461538461 0.09268060836501901
3 0.6738782051282052 0.7132842205323194 0.11955128205128206 0.1033745247148289
3 0.3373397435897436 0.7447718631178707 0.11955128205128206 0.10456273764258556
3 0.3487179487179487 0.9235979087452472 0.1282051282051282 0.1033745247148289
3 0.6084935897435897 0.9139733840304183 0.12083333333333333 0.09933460076045628
