3 0.41201923076923075 0.11834600760456274 0.15416666666666667 0.11549429657794677
3 0.6717948717948717 0.13533745247148288 0.14358974358974358 0.1195342205323194
3 0.7379807692307693 0.39579372623574144 0.14647435897435898 0.0895912547528517
3 0.29903846153846153 0.3265209125475285 0.15256410256410258 0.09173003802281368
3 0.31346153846153846 0.5153279467680608 0.14102564102564102 0.10670152091254753
3 0.5645833333333333 0.5591730038022814 0.15096153846153845 0.09173003802281368
3 0.31362179487179487 0.723384030418251 0.1439102564102564 0.1088403041825095
3 0.7421474358974359 0.7192252851711026 0.13237179487179487 0.11525665399239544
3 0.6264423076923077 0.935361216730038 0.15096153846153845 0.11406844106463879
3 0.31346153846153846 0.9257366920152091 0.12371794871794872 0.10765209125475285
