3 0.5278846153846154 0.1397338403041825 0.11794871794871795 0.1088403041825095
3 0.6998397435897435 0.23360266159695817 0.12788461538461537 0.10456273764258556
3 0.3423076923076923 0.31844106463878324 0.13525641025641025 0.09695817490494296
3 0.19262820512820514 0.5665399239543726 0.14935897435897436 0.08317490494296578
3 0.8270833333333333 0.41718155893536124 0.13814102564102565 0.09386882129277567
3 0.5493589743589744 0.5665399239543726 0.14102564102564102 0.08317490494296578
3 0.8227564102564102 0.6680133079847909 0.1294871794871795 0.1088403041825095
3 0.47596153846153844 0.7421577946768061 0.11794871794871795 0.11216730038022814
3 0.683974358974359 0.8899714828897338 0.12243589743589743 0.11311787072243346
3 0.2701923076923077 0.8798716730038023 0.13525641025641025 0.11620722433460076
