1 0.501069391634981 0.0921474358974359 0.10670152091254753 0.16121794871794873
1 0.37725760456273766 0.2623397435897436 0.09481939163498099 0.12596153846153846
1 0.1411596958174905 0.35625 0.12262357414448669 0.1342948717948718
1 0.23918726235741444 0.6642628205128205 0.11620722433460076 0.14198717948717948
1 0.46471007604562736 0.5387820512820513 0.09101711026615969 0.12179487179487179
1 0.5058222433460076 0.780448717948718 0.07818441064638783 0.125
1 0.6554182509505704 0.5019230769230769 0.08460076045627377 0.10576923076923077
1 0.7273051330798479 0.2266025641025641 0.10194866920152092 0.13333333333333333
1 0.8820104562737643 0.4684294871794872 0.11858365019011406 0.13237179487179487
1 0.7598621673003803 0.7240384615384615 0.10527566539923955 0.13333333333333333
