1 0.7631410256410256 0.13165399239543726 0.12243589743589743 0.10361216730038023
1 0.46955128205128205 0.25974334600760457 0.13076923076923078 0.10979087452471482
1 0.2810897435897436 0.3675142585551331 0.1282051282051282 0.09054182509505704
1 0.7660256410256411 0.34731463878326996 0.13397435897435897 0.09291825095057034
1 0.5157051282051283 0.4865731939163498 0.11923076923076924 0.0895912547528517
1 0.21842948717948718 0.5949382129277566 0.14967948717948718 0.0971958174904943
1 0.7948717948717948 0.6119296577946768 0.1596153846153846 0.11216730038022814
1 0.5251602564102564 0.8002614068441065 0.12083333333333333 0.11097908745247148
1 0.7544871794871795 0.904824144486692 0.15705128205128205 0.1366444866920152
1 0.23221153846153847 0.8413735741444867 0.15096153846153845 0.12903992395437264
