1 0.19047053231939162 0.2810897435897436 0.11240494296577946 0.12692307692307692
1 0.8930608365019012 0.10016025641025642 0.12642585551330798 0.1516025641025641
1 0.6086026615969582 0.1919871794871795 0.08935361216730038 0.12179487179487179
1 0.439282319391635 0.20368589743589743 0.08151140684410646 0.12403846153846154
1 0.4096958174904943 0.4288461538461538 0.09315589353612168 0.12179487179487179
1 0.09481939163498099 0.6636217948717948 0.12642585551330798 0.1451923076923077
1 0.2965779467680608 0.7201923076923077 0.10741444866920152 0.1346153846153846
1 0.4907319391634981 0.7362179487179488 0.09743346007604563 0.14102564102564102
1 0.7008079847908745 0.5442307692307692 0.11406844106463879 0.14935897435897436
1 0.8784458174904943 0.7261217948717948 0.12428707224334601 0.1439102564102564
