1 0.2972908745247148 0.18974358974358974 0.09173003802281368 0.12371794871794872
1 0.0655893536121673 0.41073717948717947 0.12024714828897339 0.13044871794871796
1 0.3152328897338403 0.4657051282051282 0.11002851711026616 0.14615384615384616
1 0.4677994296577947 0.3504807692307692 0.09101711026615969 0.12916666666666668
1 0.5783032319391636 0.22868589743589743 0.07913498098859316 0.12275641025641025
1 0.6664686311787072 0.4966346153846154 0.08769011406844106 0.10352564102564103
1 0.9176568441064639 0.5504807692307693 0.11240494296577946 0.11506410256410256
1 0.7716254752851711 0.8541666666666666 0.10979087452471482 0.14615384615384616
1 0.4536596958174905 0.7729166666666667 0.07984790874524715 0.11634615384615385
1 0.17395437262357413 0.7923076923076923 0.10931558935361217 0.13333333333333333
