1 0.40209125475285173 0.17227564102564102 0.10361216730038023 0.1548076923076923
1 0.3186787072243346 0.38237179487179485 0.10931558935361217 0.13782051282051283
1 0.0841254752851711 0.3557692307692308 0.11454372623574144 0.13333333333333333
1 0.06321292775665399 0.6358974358974359 0.1188212927756654 0.12179487179487179
1 0.3293726235741445 0.8238782051282051 0.094106463878327 0.12596153846153846
1 0.5616682509505704 0.48493589743589743 0.09814638783269962 0.12692307692307692
1 0.7490494296577946 0.27307692307692305 0.11406844106463879 0.14294871794871794
1 0.9275190114068441 0.3541666666666667 0.12595057034220533 0.13846153846153847
1 0.8040636882129277 0.6246794871794872 0.11478136882129278 0.125
1 0.5967205323193916 0.7463141025641026 0.094106463878327 0.1310897435897436
