1 0.4136169201520912 0.06810897435897435 0.07295627376425856 0.11762820512820513
1 0.23407794676806085 0.28685897435897434 0.09505703422053231 0.12179487179487179
1 0.09161121673003803 0.5488782051282052 0.10289923954372623 0.11185897435897436
1 0.14745722433460076 0.8072115384615385 0.09244296577946769 0.10801282051282052
1 0.45520437262357416 0.41073717948717947 0.07200570342205323 0.0983974358974359
1 0.376069391634981 0.8605769230769231 0.07343155893536121 0.1076923076923077
1 0.7902804182509505 0.2879807692307692 0.09006653992395437 0.11506410256410256
1 0.6542300380228137 0.4650641025641026 0.07747148288973384 0.09807692307692308
1 0.7699619771863118 0.7011217948717948 0.08935361216730038 0.10032051282051282
1 0.6690826996197718 0.9443910256410256 0.07913498098859316 0.10865384615384616
