1 0.08460076045627377 0.366025641025641 0.12024714828897339 0.13653846153846153
1 0.06642110266159695 0.5719551282051282 0.11715779467680608 0.12596153846153846
1 0.49548479087452474 0.257051282051282 0.0879277566539924 0.14294871794871794
1 0.37963403041825095 0.40849358974358974 0.09672053231939164 0.13237179487179487
1 0.3186787072243346 0.6988782051282051 0.10456273764258556 0.13237179487179487
1 0.5524001901140685 0.6774038461538462 0.09576996197718632 0.12596153846153846
1 0.6074144486692015 0.8969551282051282 0.11549429657794677 0.1548076923076923
1 0.7206511406844106 0.48541666666666666 0.09006653992395437 0.10865384615384616
1 0.844819391634981 0.2842948717948718 0.0979087452471483 0.11858974358974358
1 0.8765446768060836 0.5991987179487179 0.11240494296577946 0.10993589743589743
