1 0.38521863117870725 0.17275641025641025 0.0903041825095057 0.13012820512820514
1 0.6394961977186312 0.17868589743589744 0.0879277566539924 0.12916666666666668
1 0.8206986692015209 0.29759615384615384 0.09576996197718632 0.11121794871794871
1 0.8356701520912547 0.5745192307692307 0.11002851711026616 0.1310897435897436
1 0.8558697718631179 0.7442307692307693 0.0995722433460076 0.12243589743589743
1 0.5924429657794676 0.6097756410256411 0.07604562737642585 0.10352564102564103
1 0.5114068441064639 0.383974358974359 0.07034220532319392 0.09615384615384616
1 0.3523051330798479 0.563301282051282 0.08626425855513307 0.11121794871794871
1 0.22932509505703422 0.48381410256410257 0.08555133079847908 0.09903846153846153
1 0.22302756653992395 0.7618589743589743 0.093393536121673 0.1282051282051282
