1 0.2946768060836502 0.15881410256410255 0.11311787072243346 0.1387820512820513
1 0.10907794676806083 0.3349358974358974 0.1311787072243346 0.14487179487179488
1 0.1648051330798479 0.6956730769230769 0.13046577946768062 0.1560897435897436
1 0.40137832699619774 0.3642628205128205 0.10836501901140684 0.1439102564102564
1 0.5124762357414449 0.621474358974359 0.10765209125475285 0.14423076923076922
1 0.38628802281368824 0.7900641025641025 0.11620722433460076 0.16987179487179488
1 0.6968868821292775 0.17868589743589744 0.11715779467680608 0.16121794871794873
1 0.7186311787072244 0.46778846153846154 0.13545627376425856 0.1503205128205128
1 0.9017347908745247 0.4551282051282051 0.15185361216730037 0.15897435897435896
1 0.7416825095057035 0.7996794871794872 0.11311787072243346 0.15256410256410258
