1 0.157319391634981 0.34294871794871795 0.11406844106463879 0.13974358974358975
1 0.2534458174904943 0.5136217948717948 0.1133555133079848 0.13557692307692307
1 0.12012832699619772 0.6129807692307693 0.11097908745247148 0.11634615384615385
1 0.4433222433460076 0.296474358974359 0.08626425855513307 0.12179487179487179
1 0.45591730038022815 0.6924679487179487 0.08151140684410646 0.11762820512820513
1 0.6323669201520913 0.4620192307692308 0.08317490494296578 0.10673076923076923
1 0.6189401140684411 0.639102564102564 0.09576996197718632 0.13012820512820514
1 0.8701283269961977 0.6434294871794872 0.1219106463878327 0.1342948717948718
1 0.8959125475285171 0.3546474358974359 0.11787072243346007 0.11634615384615385
1 0.7193441064638784 0.20096153846153847 0.11787072243346007 0.15705128205128205
