1 0.376069391634981 0.16201923076923078 0.09576996197718632 0.1407051282051282
1 0.28826045627376423 0.43317307692307694 0.10218631178707224 0.13044871794871796
1 0.08804657794676807 0.45032051282051283 0.10670152091254753 0.12371794871794872
1 0.1596958174904943 0.7703525641025641 0.11549429657794677 0.1387820512820513
1 0.5873336501901141 0.30993589743589745 0.09244296577946769 0.13141025641025642
1 0.4907319391634981 0.6059294871794871 0.07984790874524715 0.10673076923076923
1 0.3519486692015209 0.80625 0.10598859315589354 0.14198717948717948
1 0.6138307984790875 0.7863782051282051 0.10598859315589354 0.1451923076923077
1 0.7704372623574145 0.43317307692307694 0.11692015209125475 0.1387820512820513
1 0.9052994296577946 0.7197115384615385 0.10527566539923955 0.11442307692307692
