1 0.24869296577946767 0.30673076923076925 0.09434410646387832 0.125
1 0.469819391634981 0.33926282051282053 0.07604562737642585 0.11121794871794871
1 0.6549429657794676 0.2309294871794872 0.08555133079847908 0.11826923076923077
1 0.8621673003802282 0.3483974358974359 0.08555133079847908 0.09935897435897435
1 0.501069391634981 0.5314102564102564 0.0686787072243346 0.09166666666666666
1 0.3745247148288973 0.4950320512820513 0.07509505703422054 0.10224358974358974
1 0.13236692015209126 0.6166666666666667 0.10218631178707224 0.10897435897435898
1 0.40221007604562736 0.7810897435897436 0.09244296577946769 0.1282051282051282
1 0.8341254752851711 0.59375 0.10361216730038023 0.10993589743589743
1 0.7327709125475285 0.8814102564102564 0.07675855513307984 0.10448717948717949
