1 0.4836026615969582 0.10064102564102564 0.08317490494296578 0.125
1 0.2716254752851711 0.29967948717948717 0.09077946768060836 0.11538461538461539
1 0.8460076045627376 0.24791666666666667 0.10836501901140684 0.1310897435897436
1 0.6371197718631179 0.33653846153846156 0.07509505703422054 0.10576923076923077
1 0.692134030418251 0.59375 0.08388783269961977 0.1016025641025641
1 0.7147100760456274 0.7559294871794872 0.09244296577946769 0.12467948717948718
1 0.5196055133079848 0.48173076923076924 0.07913498098859316 0.10576923076923077
1 0.3673954372623574 0.5777243589743589 0.08317490494296578 0.10544871794871795
1 0.25499049429657794 0.7453525641025641 0.0879277566539924 0.11185897435897436
1 0.4615019011406844 0.8905448717948717 0.09077946768060836 0.14198717948717948
