1 0.41634980988593157 0.277724358974359 0.09885931558935361 0.14198717948717948
1 0.3048954372623574 0.4203525641025641 0.11169201520912547 0.13044871794871796
1 0.11858365019011406 0.6157051282051282 0.12167300380228137 0.1282051282051282
1 0.46435361216730037 0.6221153846153846 0.10598859315589354 0.14743589743589744
1 0.35432509505703425 0.8237179487179487 0.10741444866920152 0.14935897435897436
1 0.716967680608365 0.24631410256410258 0.11311787072243346 0.15352564102564104
1 0.622861216730038 0.45080128205128206 0.10836501901140684 0.14198717948717948
1 0.8913973384030418 0.46826923076923077 0.12975285171102663 0.14294871794871794
1 0.750356463878327 0.6118589743589744 0.11002851711026616 0.13141025641025642
1 0.7799429657794676 0.8177884615384615 0.11692015209125475 0.1483974358974359
