1 0.312856463878327 0.2485576923076923 0.10527566539923955 0.14711538461538462
1 0.07663973384030419 0.4517628205128205 0.1219106463878327 0.12467948717948718
1 0.19249049429657794 0.7350961538461539 0.11787072243346007 0.1407051282051282
1 0.44284695817490494 0.6828525641025641 0.093393536121673 0.12403846153846154
1 0.5299429657794676 0.19775641025641025 0.08365019011406843 0.12692307692307692
1 0.6996197718631179 0.29118589743589746 0.10979087452471482 0.1387820512820513
1 0.6074144486692015 0.4549679487179487 0.10598859315589354 0.13557692307692307
1 0.7103136882129277 0.6588141025641026 0.09505703422053231 0.10993589743589743
1 0.6734790874524715 0.8828525641025641 0.11311787072243346 0.1548076923076923
1 0.9136169201520913 0.6001602564102564 0.11858365019011406 0.12467948717948718
