1 0.4200332699619772 0.08044871794871795 0.10765209125475285 0.15705128205128205
1 0.24156368821292776 0.24695512820512822 0.11478136882129278 0.1375
1 0.21661121673003803 0.6865384615384615 0.1219106463878327 0.14615384615384616
1 0.36383079847908745 0.5639423076923077 0.11074144486692016 0.1439102564102564
1 0.3823669201520912 0.8354166666666667 0.09743346007604563 0.1451923076923077
1 0.6240494296577946 0.12083333333333333 0.11406844106463879 0.16538461538461538
1 0.8392347908745247 0.2794871794871795 0.14710076045627377 0.16666666666666666
1 0.6011169201520913 0.4895833333333333 0.10907794676806083 0.1451923076923077
1 0.8206986692015209 0.6203525641025641 0.11478136882129278 0.13557692307692307
1 0.6182271863117871 0.8818910256410256 0.10527566539923955 0.16121794871794873
