1 0.09208650190114069 0.29759615384615384 0.11620722433460076 0.1342948717948718
1 0.251425855513308 0.4096153846153846 0.12024714828897339 0.14743589743589744
1 0.5070104562737643 0.319551282051282 0.0872148288973384 0.125
1 0.6688450570342205 0.24471153846153845 0.11002851711026616 0.1503205128205128
1 0.8551568441064639 0.42788461538461536 0.11240494296577946 0.12371794871794872
1 0.6311787072243346 0.5270833333333333 0.10456273764258556 0.13044871794871796
1 0.5065351711026616 0.6785256410256411 0.09101711026615969 0.12179487179487179
1 0.813569391634981 0.7511217948717949 0.11478136882129278 0.1342948717948718
1 0.3111929657794677 0.759775641025641 0.09244296577946769 0.12596153846153846
1 0.08495722433460076 0.7256410256410256 0.11478136882129278 0.1282051282051282
