1 0.31713403041825095 0.22724358974358974 0.09481939163498099 0.13012820512820514
1 0.09600760456273764 0.4858974358974359 0.11311787072243346 0.12051282051282051
1 0.3424429657794677 0.4895833333333333 0.09648288973384031 0.12596153846153846
1 0.24156368821292776 0.7607371794871794 0.09101711026615969 0.11506410256410256
1 0.44213403041825095 0.8083333333333333 0.08246197718631179 0.12692307692307692
1 0.6252376425855514 0.6044871794871794 0.09885931558935361 0.12051282051282051
1 0.5508555133079848 0.22932692307692307 0.10361216730038023 0.14711538461538462
1 0.6956986692015209 0.3921474358974359 0.09244296577946769 0.11634615384615385
1 0.8634743346007605 0.45705128205128204 0.11002851711026616 0.12051282051282051
1 0.7371673003802282 0.8360576923076923 0.09648288973384031 0.12724358974358974
