1 0.08804657794676807 0.38669871794871796 0.13379277566539924 0.1439102564102564
1 0.3784458174904943 0.26618589743589743 0.10384980988593157 0.1483974358974359
1 0.2463165399239544 0.5360576923076923 0.11620722433460076 0.1375
1 0.23883079847908745 0.8317307692307693 0.12167300380228137 0.15897435897435896
1 0.4923954372623574 0.5399038461538461 0.10361216730038023 0.1387820512820513
1 0.5663022813688213 0.1908653846153846 0.08555133079847908 0.1342948717948718
1 0.6552994296577946 0.3892628205128205 0.10194866920152092 0.13237179487179487
1 0.8823669201520913 0.33557692307692305 0.12404942965779468 0.14615384615384616
1 0.8467205323193916 0.6592948717948718 0.12737642585551331 0.13653846153846153
1 0.6568441064638784 0.7998397435897436 0.10836501901140684 0.1483974358974359
