1 0.5695104562737643 0.16794871794871793 0.10147338403041825 0.14807692307692308
1 0.37250475285171103 0.3387820512820513 0.10907794676806083 0.13333333333333333
1 0.17870722433460076 0.3440705128205128 0.12832699619771862 0.1439102564102564
1 0.07699619771863118 0.639102564102564 0.1288022813688213 0.14743589743589744
1 0.30335076045627374 0.5735576923076923 0.12428707224334601 0.1503205128205128
1 0.6880941064638784 0.32371794871794873 0.11715779467680608 0.15064102564102563
1 0.9100522813688213 0.3905448717948718 0.13521863117870722 0.1516025641025641
1 0.7977661596958175 0.6475961538461539 0.13070342205323193 0.15993589743589742
1 0.5041587452471483 0.6150641025641026 0.11478136882129278 0.15064102564102563
1 0.5754515209125475 0.7767628205128205 0.09909695817490494 0.14711538461538462
