1 0.11941539923954372 0.347275641025641 0.11383079847908745 0.12916666666666668
1 0.5251901140684411 0.2602564102564103 0.09505703422053231 0.13846153846153847
1 0.6525665399239544 0.4075320512820513 0.10931558935361217 0.1451923076923077
1 0.8685836501901141 0.3173076923076923 0.13307984790874525 0.15256410256410258
1 0.8388783269961977 0.5782051282051283 0.11454372623574144 0.11538461538461539
1 0.43191539923954375 0.5463141025641025 0.11240494296577946 0.14711538461538462
1 0.7688925855513308 0.7923076923076923 0.11240494296577946 0.13974358974358975
1 0.5765209125475285 0.8179487179487179 0.10598859315589354 0.14615384615384616
1 0.3740494296577947 0.7282051282051282 0.10931558935361217 0.14615384615384616
1 0.10788973384030419 0.6913461538461538 0.13688212927756654 0.15576923076923077
