1 0.12012832699619772 0.3161858974358974 0.13141634980988592 0.14198717948717948
1 0.8281844106463878 0.2987179487179487 0.1188212927756654 0.14294871794871794
1 0.5160408745247148 0.28525641025641024 0.09576996197718632 0.13141025641025642
1 0.31000475285171103 0.33381410256410254 0.09814638783269962 0.12596153846153846
1 0.1953422053231939 0.5318910256410256 0.125 0.13557692307692307
1 0.11347433460076045 0.7528846153846154 0.13997148288973385 0.1717948717948718
1 0.6791825095057035 0.446474358974359 0.10836501901140684 0.14423076923076922
1 0.5136644486692015 0.6530448717948718 0.08626425855513307 0.11955128205128206
1 0.6094344106463878 0.8766025641025641 0.11478136882129278 0.1673076923076923
1 0.9088640684410646 0.6200320512820513 0.1280893536121673 0.12596153846153846
