1 0.282319391634981 0.22067307692307692 0.08555133079847908 0.11314102564102564
1 0.5054657794676806 0.2016025641025641 0.08555133079847908 0.12371794871794872
1 0.685004752851711 0.1908653846153846 0.08056083650190114 0.11762820512820513
1 0.660884030418251 0.44759615384615387 0.08127376425855513 0.09903846153846153
1 0.33056083650190116 0.46875 0.09173003802281368 0.11634615384615385
1 0.46471007604562736 0.6092948717948717 0.09244296577946769 0.12371794871794872
1 0.10076045627376426 0.6998397435897435 0.11311787072243346 0.11955128205128206
1 0.41682509505703425 0.8161858974358974 0.0979087452471483 0.1387820512820513
1 0.7934885931558935 0.857852564102564 0.11549429657794677 0.1451923076923077
1 0.8669201520912547 0.6290064102564102 0.10123574144486693 0.10544871794871795
