1 0.1339115969581749 0.3658653846153846 0.10527566539923955 0.10480769230769231
1 0.09600760456273764 0.5830128205128206 0.11311787072243346 0.11858974358974358
1 0.4618583650190114 0.18814102564102564 0.093393536121673 0.13141025641025642
1 0.3736929657794677 0.33814102564102566 0.10052281368821293 0.1282051282051282
1 0.3432747148288973 0.6854166666666667 0.10289923954372623 0.13557692307692307
1 0.4998811787072243 0.55 0.09481939163498099 0.12692307692307692
1 0.6731226235741445 0.26298076923076924 0.10765209125475285 0.14198717948717948
1 0.6894011406844106 0.6572115384615385 0.10218631178707224 0.13237179487179487
1 0.8937737642585551 0.33076923076923076 0.125 0.13653846153846153
1 0.9246673003802282 0.5612179487179487 0.12024714828897339 0.1346153846153846
