4 0.5559648288973384 0.4963141025641026 0.14995247148288973 0.1798076923076923
4 0.4278754752851711 0.7838141025641026 0.1280893536121673 0.19006410256410255
5 0.8168963878326996 0.5189102564102565 0.16611216730038023 0.18333333333333332
6 0.08032319391634982 0.3350961538461538 0.15304182509505704 0.17275641025641025
6 0.12737642585551331 0.7360576923076924 0.186787072243346 0.21185897435897436
7 0.49085076045627374 0.2642628205128205 0.14187262357414449 0.19455128205128205
7 0.7999049429657795 0.20368589743589743 0.1520912547528517 0.19583333333333333
7 0.24643536121673004 0.17612179487179488 0.17490494296577946 0.23044871794871793
7 0.752495247148289 0.8932692307692308 0.1490019011406844 0.1967948717948718
8 0.2678231939163498 0.4703525641025641 0.15399239543726237 0.19006410256410255
