1 0.1744296577946768 0.2144230769230769 0.11787072243346007 0.14102564102564102
1 0.1277328897338403 0.4844551282051282 0.11002851711026616 0.11955128205128206
1 0.2585551330798479 0.7080128205128206 0.09648288973384031 0.12692307692307692
1 0.37725760456273766 0.30240384615384613 0.08531368821292776 0.11634615384615385
1 0.6082461977186312 0.21057692307692308 0.09481939163498099 0.13333333333333333
1 0.8514733840304183 0.2501602564102564 0.11787072243346007 0.1310897435897436
1 0.9251425855513308 0.5110576923076923 0.10503802281368821 0.09583333333333334
1 0.7656844106463878 0.7004807692307692 0.11549429657794677 0.14647435897435898
1 0.5141397338403042 0.5644230769230769 0.07913498098859316 0.11538461538461539
1 0.5141397338403042 0.7719551282051282 0.0995722433460076 0.1503205128205128
