1 0.1366444866920152 0.2233974358974359 0.12024714828897339 0.14615384615384616
1 0.3269961977186312 0.3189102564102564 0.11787072243346007 0.15576923076923077
1 0.17633079847908745 0.5355769230769231 0.13783269961977188 0.15576923076923077
1 0.16171577946768062 0.7607371794871794 0.13046577946768062 0.1516025641025641
1 0.36620722433460073 0.7270833333333333 0.09980988593155894 0.13557692307692307
1 0.5124762357414449 0.8030448717948718 0.10907794676806083 0.16121794871794873
1 0.6024239543726235 0.1674679487179487 0.10361216730038023 0.1516025641025641
1 0.6552994296577946 0.4389423076923077 0.11145437262357415 0.1439102564102564
1 0.8606226235741445 0.3104166666666667 0.14567490494296578 0.16634615384615384
1 0.7376425855513308 0.8056089743589744 0.12404942965779468 0.1625
