1 0.37012832699619774 0.09903846153846153 0.11858365019011406 0.17307692307692307
1 0.11739543726235742 0.4623397435897436 0.11644486692015209 0.11634615384615385
1 0.31475760456273766 0.3857371794871795 0.12048479087452471 0.1483974358974359
1 0.2265922053231939 0.6823717948717949 0.12428707224334601 0.15256410256410258
1 0.44011406844106465 0.8466346153846154 0.11169201520912547 0.16762820512820512
1 0.5019011406844106 0.510576923076923 0.11787072243346007 0.15705128205128205
1 0.5917300380228137 0.8370192307692308 0.11549429657794677 0.16121794871794873
1 0.7463165399239544 0.6182692307692308 0.1195342205323194 0.15064102564102563
1 0.6364068441064639 0.27532051282051284 0.11311787072243346 0.15576923076923077
1 0.8835551330798479 0.5073717948717948 0.125 0.13141025641025642
