4 0.6599334600760456 0.5125 0.13403041825095058 0.17051282051282052
4 0.343393536121673 0.6594551282051282 0.12690114068441063 0.15993589743589742
5 0.3424429657794677 0.2636217948717949 0.14306083650190113 0.18685897435897436
5 0.09743346007604563 0.6432692307692308 0.15494296577946767 0.1673076923076923
7 0.6668250950570342 0.25448717948717947 0.13403041825095058 0.15897435897435896
7 0.8999524714828897 0.4998397435897436 0.14401140684410646 0.1657051282051282
8 0.14638783269961977 0.36330128205128204 0.1288022813688213 0.13942307692307693
9 0.4983365019011407 0.6017628205128205 0.11692015209125475 0.1580128205128205
9 0.7713878326996197 0.6911858974358974 0.15114068441064638 0.19583333333333333
9 0.9013783269961977 0.27516025641025643 0.15304182509505704 0.1798076923076923
