1 0.14341730038022812 0.2980769230769231 0.10052281368821293 0.11858974358974358
1 0.3590779467680608 0.20689102564102563 0.09173003802281368 0.13237179487179487
1 0.7423954372623575 0.19775641025641025 0.0879277566539924 0.11217948717948718
1 0.4832461977186312 0.328525641025641 0.07913498098859316 0.10897435897435898
1 0.629634030418251 0.48653846153846153 0.07913498098859316 0.09807692307692308
1 0.7972908745247148 0.5520833333333334 0.09173003802281368 0.1016025641025641
1 0.3606226235741445 0.47692307692307695 0.08056083650190114 0.11089743589743589
1 0.2427519011406844 0.7203525641025641 0.093393536121673 0.11314102564102564
1 0.5231701520912547 0.8612179487179488 0.08769011406844106 0.13012820512820514
1 0.7551093155893536 0.8376602564102564 0.09101711026615969 0.11762820512820513
