0 0.2665161596958175 0.14599358974358975 0.08246197718631179 0.10673076923076923
0 0.125712927756654 0.3211538461538462 0.08697718631178707 0.10256410256410256
0 0.052519011406844104 0.503525641025641 0.0879277566539924 0.10256410256410256
0 0.19807509505703422 0.7282051282051282 0.08626425855513307 0.1141025641025641
0 0.35420627376425856 0.3919871794871795 0.07913498098859316 0.10576923076923077
0 0.49750475285171103 0.2982371794871795 0.08246197718631179 0.10352564102564103
0 0.48752376425855515 0.9128205128205128 0.08151140684410646 0.10576923076923077
0 0.779467680608365 0.5770833333333333 0.07984790874524715 0.10032051282051282
0 0.7308697718631179 0.4306089743589744 0.07770912547528518 0.09711538461538462
0 0.7526140684410646 0.2091346153846154 0.07842205323193917 0.10032051282051282
