0 0.7040161596958175 0.18012820512820513 0.08056083650190114 0.12179487179487179
0 0.7735266159695817 0.4671474358974359 0.08222433460076045 0.10673076923076923
0 0.2962214828897338 0.23733974358974358 0.08626425855513307 0.10993589743589743
0 0.4591254752851711 0.2953525641025641 0.07984790874524715 0.10673076923076923
0 0.5086739543726235 0.49391025641025643 0.07913498098859316 0.10448717948717949
0 0.40173479087452474 0.5415064102564102 0.08388783269961977 0.10544871794871795
0 0.1288022813688213 0.38782051282051283 0.08697718631178707 0.12051282051282051
0 0.1838165399239544 0.7208333333333333 0.0895912547528517 0.11217948717948718
0 0.6430608365019012 0.6455128205128206 0.08079847908745247 0.10897435897435898
0 0.500356463878327 0.844551282051282 0.09101711026615969 0.10576923076923077
