0 0.6782319391634981 0.22612179487179487 0.07842205323193917 0.10480769230769231
0 0.4745722433460076 0.1684294871794872 0.07604562737642585 0.10480769230769231
0 0.2886169201520912 0.2602564102564103 0.07913498098859316 0.11730769230769231
0 0.10384980988593157 0.4735576923076923 0.08460076045627377 0.11314102564102564
0 0.5437262357414449 0.41073717948717947 0.07984790874524715 0.10224358974358974
0 0.40375475285171103 0.5681089743589743 0.08317490494296578 0.10801282051282052
0 0.2846958174904943 0.8600961538461539 0.08079847908745247 0.12147435897435897
0 0.5742633079847909 0.7868589743589743 0.08246197718631179 0.11217948717948718
0 0.8297290874524715 0.6118589743589744 0.07913498098859316 0.1076923076923077
0 0.6826283269961977 0.46025641025641023 0.08246197718631179 0.10576923076923077
