3 0.5689102564102564 0.7623574144486692 0.13205128205128205 0.11311787072243346
2 0.35176282051282054 0.7441777566539924 0.12788461538461537 0.10860266159695818
2 0.7092948717948718 0.6787072243346007 0.1371794871794872 0.12214828897338403
2 0.7134615384615385 0.22611692015209126 0.14294871794871794 0.11763307984790874
3 0.45032051282051283 0.3205798479087453 0.1371794871794872 0.11406844106463879
2 0.24919871794871795 0.1796577946768061 0.1330128205128205 0.11311787072243346
0 0.30128205128205127 0.41112167300380226 0.12692307692307692 0.10979087452471482
0 0.3092948717948718 0.5920865019011406 0.1391025641025641 0.12096007604562738
1 0.6743589743589744 0.4591254752851711 0.1371794871794872 0.11549429657794677
1 0.5302884615384615 0.23514733840304183 0.13493589743589743 0.10860266159695818
