0 0.3915161596958175 0.11346153846153846 0.07438212927756654 0.1076923076923077
0 0.25665399239543724 0.2548076923076923 0.07366920152091255 0.10448717948717949
0 0.24477186311787072 0.538301282051282 0.07509505703422054 0.10801282051282052
0 0.219819391634981 0.8120192307692308 0.07747148288973384 0.10032051282051282
0 0.5528754752851711 0.13060897435897437 0.07913498098859316 0.10352564102564103
0 0.5939876425855514 0.3610576923076923 0.07580798479087453 0.10801282051282052
0 0.7807747148288974 0.4375 0.08388783269961977 0.10448717948717949
0 0.4516397338403042 0.5174679487179488 0.07438212927756654 0.11121794871794871
0 0.4903754752851711 0.774198717948718 0.07770912547528518 0.10352564102564103
0 0.7590304182509505 0.7943910256410256 0.08460076045627377 0.10352564102564103
