0 0.1446055133079848 0.391025641025641 0.07438212927756654 0.09935897435897435
0 0.24821768060836502 0.1828525641025641 0.08388783269961977 0.09711538461538462
0 0.30204372623574144 0.5825320512820513 0.07271863117870722 0.10480769230769231
0 0.406962927756654 0.48493589743589743 0.07818441064638783 0.09487179487179487
0 0.4922766159695818 0.1439102564102564 0.08151140684410646 0.10448717948717949
0 0.6125237642585551 0.2075320512820513 0.07675855513307984 0.10352564102564103
0 0.840541825095057 0.20897435897435898 0.08460076045627377 0.10256410256410256
0 0.5739068441064639 0.525 0.07366920152091255 0.10448717948717949
0 0.7925380228136882 0.4982371794871795 0.07747148288973384 0.10224358974358974
0 0.5627376425855514 0.85625 0.07509505703422054 0.10352564102564103
