0 0.2458412547528517 0.3088141025641026 0.08388783269961977 0.10801282051282052
0 0.06986692015209126 0.517948717948718 0.0879277566539924 0.1076923076923077
0 0.35551330798479086 0.47307692307692306 0.07984790874524715 0.1141025641025641
0 0.2574857414448669 0.7261217948717948 0.08151140684410646 0.11185897435897436
0 0.6196530418250951 0.7105769230769231 0.08151140684410646 0.11089743589743589
0 0.5425380228136882 0.44759615384615387 0.08079847908745247 0.11185897435897436
0 0.42906368821292773 0.2950320512820513 0.08293726235741444 0.10993589743589743
0 0.6734790874524715 0.22131410256410255 0.07984790874524715 0.11185897435897436
0 0.8429182509505704 0.44919871794871796 0.08460076045627377 0.10865384615384616
0 0.9175380228136882 0.6625 0.08222433460076045 0.11089743589743589
