0 0.16682509505703422 0.19503205128205128 0.08555133079847908 0.10673076923076923
0 0.33174904942965777 0.1860576923076923 0.07842205323193917 0.10352564102564103
0 0.17668726235741444 0.5116987179487179 0.08483840304182509 0.10993589743589743
0 0.44961977186311786 0.5323717948717949 0.07842205323193917 0.10897435897435898
0 0.5702233840304183 0.36907051282051284 0.07913498098859316 0.10673076923076923
0 0.7890922053231939 0.37612179487179487 0.08626425855513307 0.09711538461538462
0 0.8397100760456274 0.5777243589743589 0.07818441064638783 0.09903846153846153
0 0.6727661596958175 0.7330128205128205 0.07984790874524715 0.09807692307692308
0 0.46554182509505704 0.857852564102564 0.07984790874524715 0.11314102564102564
0 0.21542300380228138 0.9011217948717949 0.08626425855513307 0.10801282051282052
