0 0.6687262357414449 0.1439102564102564 0.08935361216730038 0.13205128205128205
0 0.4231226235741445 0.09471153846153846 0.09006653992395437 0.1387820512820513
0 0.30727186311787075 0.1375 0.094106463878327 0.1282051282051282
0 0.18536121673003803 0.32580128205128206 0.09743346007604563 0.12916666666666668
0 0.23562262357414449 0.5958333333333333 0.09814638783269962 0.12692307692307692
0 0.28624049429657794 0.8516025641025641 0.09481939163498099 0.12371794871794872
0 0.7466730038022814 0.8355769230769231 0.0903041825095057 0.12371794871794872
0 0.438569391634981 0.5121794871794871 0.08626425855513307 0.12179487179487179
0 0.6087214828897338 0.48701923076923076 0.09101711026615969 0.1310897435897436
0 0.8499287072243346 0.3370192307692308 0.09101711026615969 0.11955128205128206
