0 0.4948717948717949 0.07782794676806083 0.12371794871794872 0.10242395437262357
0 0.7099358974358975 0.3280655893536122 0.13076923076923078 0.0971958174904943
0 0.33365384615384613 0.3248574144486692 0.13525641025641025 0.08840304182509506
0 0.4639423076923077 0.45615494296577946 0.12532051282051282 0.0971958174904943
0 0.23076923076923078 0.5052281368821293 0.12243589743589743 0.09268060836501901
0 0.6581730769230769 0.5009505703422054 0.13365384615384615 0.09268060836501901
0 0.5429487179487179 0.6738355513307985 0.11923076923076924 0.09909695817490494
0 0.23733974358974358 0.7299192015209125 0.12083333333333333 0.09386882129277567
0 0.6330128205128205 0.8152328897338403 0.13525641025641025 0.09624524714828897
0 0.42291666666666666 0.9075570342205324 0.13237179487179487 0.09268060836501901
