0 0.6481701520912547 0.10176282051282051 0.10052281368821293 0.1439102564102564
0 0.5097433460076045 0.1407051282051282 0.10218631178707224 0.1282051282051282
0 0.1600522813688213 0.2565705128205128 0.10670152091254753 0.13557692307692307
0 0.38557509505703425 0.45080128205128206 0.10194866920152092 0.13557692307692307
0 0.11347433460076045 0.6296474358974359 0.10670152091254753 0.13237179487179487
0 0.3777328897338403 0.6758012820512821 0.09576996197718632 0.1483974358974359
0 0.5781844106463878 0.6988782051282051 0.0979087452471483 0.12403846153846154
0 0.7376425855513308 0.4971153846153846 0.09743346007604563 0.14102564102564102
0 0.8978136882129277 0.32387820512820514 0.10931558935361217 0.1483974358974359
0 0.8495722433460076 0.784775641025641 0.10266159695817491 0.1375
