0 0.0971958174904943 0.4407051282051282 0.0903041825095057 0.10897435897435898
0 0.3935361216730038 0.22131410256410255 0.08317490494296578 0.10993589743589743
0 0.8040636882129277 0.2708333333333333 0.0895912547528517 0.11089743589743589
0 0.5065351711026616 0.43157051282051284 0.08151140684410646 0.10993589743589743
0 0.44130228136882127 0.5578525641025641 0.07747148288973384 0.11314102564102564
0 0.6418726235741445 0.5873397435897436 0.08317490494296578 0.09903846153846153
0 0.8954372623574145 0.7501602564102564 0.08222433460076045 0.10673076923076923
0 0.49714828897338403 0.7009615384615384 0.07984790874524715 0.10256410256410256
0 0.31630228136882127 0.8599358974358975 0.08079847908745247 0.10897435897435898
0 0.12286121673003803 0.8344551282051282 0.08460076045627377 0.10224358974358974
