0 0.0968393536121673 0.2939102564102564 0.09101711026615969 0.1076923076923077
0 0.0995722433460076 0.5927884615384615 0.09173003802281368 0.12275641025641025
0 0.26176330798479086 0.32548076923076924 0.09481939163498099 0.11314102564102564
0 0.5865019011406845 0.23846153846153847 0.0879277566539924 0.10576923076923077
0 0.7661596958174905 0.4411858974358974 0.08317490494296578 0.11442307692307692
0 0.48170152091254753 0.4496794871794872 0.08840304182509506 0.1141025641025641
0 0.30168726235741444 0.5846153846153846 0.0895912547528517 0.12179487179487179
0 0.5476473384030418 0.7639423076923076 0.09101711026615969 0.11762820512820513
0 0.6987880228136882 0.7580128205128205 0.08626425855513307 0.12051282051282051
0 0.41124049429657794 0.9166666666666666 0.08531368821292776 0.12179487179487179
