0 0.26924904942965777 0.2048076923076923 0.09743346007604563 0.12371794871794872
0 0.0995722433460076 0.5665064102564102 0.09173003802281368 0.1516025641025641
0 0.30964828897338403 0.6006410256410256 0.094106463878327 0.1282051282051282
0 0.4611454372623574 0.32580128205128206 0.09006653992395437 0.12275641025641025
0 0.6557747148288974 0.17708333333333334 0.09481939163498099 0.11955128205128206
0 0.8599096958174905 0.27403846153846156 0.093393536121673 0.11730769230769231
0 0.6490019011406845 0.5431089743589743 0.08127376425855513 0.13237179487179487
0 0.9013783269961977 0.7698717948717949 0.08935361216730038 0.11858974358974358
0 0.6794201520912547 0.8301282051282052 0.09980988593155894 0.11730769230769231
0 0.4464115969581749 0.8759615384615385 0.09576996197718632 0.13012820512820514
