3 0.6189401140684411 0.6592948717948718 0.1480513307984791 0.17435897435897435
3 0.8603849809885932 0.7278846153846154 0.155180608365019 0.17756410256410257
3 0.3413735741444867 0.20352564102564102 0.15708174904942965 0.1967948717948718
2 0.3363830798479088 0.45 0.14519961977186313 0.18333333333333332
2 0.125356463878327 0.44567307692307695 0.1328422053231939 0.19455128205128205
2 0.1153754752851711 0.7176282051282051 0.15708174904942965 0.2
2 0.7958650190114068 0.5065705128205128 0.14401140684410646 0.18557692307692308
1 0.4144486692015209 0.7668269230769231 0.1449619771863118 0.18108974358974358
0 0.5559648288973384 0.2514423076923077 0.1480513307984791 0.1753205128205128
0 0.848384030418251 0.29294871794871796 0.15494296577946767 0.18782051282051282
