0 0.5903846153846154 0.1359315589353612 0.15384615384615385 0.11406844106463879
0 0.3157051282051282 0.18500475285171103 0.1596153846153846 0.11430608365019011
0 0.7559294871794872 0.3675142585551331 0.15416666666666667 0.1033745247148289
0 0.5350961538461538 0.5403992395437263 0.1439102564102564 0.10979087452471482
0 0.2860576923076923 0.49774239543726234 0.1439102564102564 0.10765209125475285
0 0.24086538461538462 0.7137595057034221 0.15416666666666667 0.11097908745247148
0 0.3373397435897436 0.8285408745247148 0.15096153846153845 0.11192965779467681
0 0.5379807692307692 0.9054182509505704 0.1580128205128205 0.10979087452471482
0 0.6926282051282051 0.7560598859315589 0.14551282051282052 0.10765209125475285
0 0.8703525641025641 0.596958174904943 0.14647435897435898 0.10551330798479087
