3 0.5318441064638784 0.32227564102564105 0.0979087452471483 0.13365384615384615
3 0.5728374524714829 0.48012820512820514 0.10194866920152092 0.12115384615384615
3 0.06844106463878327 0.6474358974358975 0.10693916349809886 0.12564102564102564
3 0.345888783269962 0.383974358974359 0.11383079847908745 0.12564102564102564
1 0.17383555133079848 0.13830128205128206 0.10812737642585551 0.13685897435897437
2 0.14745722433460076 0.32227564102564105 0.12096007604562738 0.13557692307692307
1 0.26936787072243346 0.8556089743589743 0.10480038022813688 0.14583333333333334
0 0.4593631178707224 0.6649038461538461 0.1188212927756654 0.14262820512820512
2 0.7438212927756654 0.6310897435897436 0.10788973384030419 0.1358974358974359
0 0.8069153992395437 0.46474358974358976 0.09386882129277567 0.13333333333333333
