0 0.1727661596958175 0.30288461538461536 0.09553231939163498 0.12179487179487179
0 0.15613117870722434 0.7272435897435897 0.09743346007604563 0.11858974358974358
0 0.4828897338403042 0.1764423076923077 0.08935361216730038 0.12467948717948718
0 0.6762119771863118 0.159775641025641 0.093393536121673 0.11955128205128206
0 0.783032319391635 0.4310897435897436 0.09173003802281368 0.12371794871794872
0 0.36941539923954375 0.35144230769230766 0.093393536121673 0.11826923076923077
0 0.5584600760456274 0.4230769230769231 0.09505703422053231 0.1141025641025641
0 0.42633079847908745 0.7206730769230769 0.09173003802281368 0.12275641025641025
0 0.5532319391634981 0.8919871794871795 0.094106463878327 0.12179487179487179
0 0.813925855513308 0.6807692307692308 0.09648288973384031 0.12371794871794872
