0 0.4983974358974359 0.11192965779467681 0.1282051282051282 0.09173003802281368
0 0.3280448717948718 0.2991920152091255 0.13237179487179487 0.09077946768060836
0 0.2602564102564103 0.5036834600760456 0.12371794871794872 0.08531368821292776
0 0.2689102564102564 0.6385456273764258 0.11794871794871795 0.09077946768060836
0 0.4897435897435897 0.5414686311787072 0.1282051282051282 0.08864068441064639
0 0.25384615384615383 0.8429182509505704 0.13076923076923078 0.09173003802281368
0 0.5738782051282051 0.7389496197718631 0.12083333333333333 0.08626425855513307
0 0.565224358974359 0.8818916349809885 0.1266025641025641 0.10361216730038023
0 0.784775641025641 0.5611929657794676 0.12532051282051282 0.0895912547528517
0 0.5905448717948718 0.3670389733840304 0.11378205128205128 0.09386882129277567
