0 0.29615384615384616 0.22778041825095058 0.11217948717948718 0.08008555133079848
0 0.49759615384615385 0.3205798479087453 0.1092948717948718 0.07129277566539924
0 0.19326923076923078 0.4439163498098859 0.11089743589743589 0.07461977186311787
0 0.7796474358974359 0.3777328897338403 0.10352564102564103 0.07675855513307984
0 0.5740384615384615 0.46411596958174905 0.10064102564102564 0.07699619771863118
0 0.47676282051282054 0.6055133079847909 0.11378205128205128 0.0779467680608365
0 0.7443910256410257 0.5292300380228137 0.10801282051282052 0.07889733840304182
0 0.9099358974358974 0.658388783269962 0.10512820512820513 0.07913498098859316
0 0.3004807692307692 0.8713165399239544 0.10352564102564103 0.08008555133079848
0 0.4358974358974359 0.9363117870722434 0.1064102564102564 0.08650190114068441
