0 0.9207461977186312 0.2719551282051282 0.10907794676806083 0.1387820512820513
0 0.6493583650190115 0.1267628205128205 0.10289923954372623 0.1451923076923077
0 0.4096958174904943 0.17852564102564103 0.10266159695817491 0.13782051282051283
0 0.09600760456273764 0.2671474358974359 0.10218631178707224 0.12916666666666668
0 0.18892585551330798 0.5729166666666666 0.09980988593155894 0.13685897435897437
0 0.4207461977186312 0.6732371794871795 0.09481939163498099 0.13237179487179487
0 0.5805608365019012 0.7645833333333333 0.09315589353612168 0.1310897435897436
0 0.5544201520912547 0.3818910256410256 0.09505703422053231 0.1342948717948718
0 0.7174429657794676 0.5149038461538461 0.0979087452471483 0.13557692307692307
0 0.8839115969581749 0.6721153846153847 0.10052281368821293 0.12179487179487179
