0 0.10907794676806083 0.2703525641025641 0.09173003802281368 0.11634615384615385
0 0.06951045627376426 0.4826923076923077 0.09006653992395437 0.10576923076923077
0 0.36965304182509506 0.37916666666666665 0.08626425855513307 0.10576923076923077
0 0.3262832699619772 0.7665064102564103 0.08460076045627377 0.10993589743589743
0 0.8163022813688213 0.2128205128205128 0.08079847908745247 0.1076923076923077
0 0.6865494296577946 0.3078525641025641 0.07604562737642585 0.11634615384615385
0 0.5936311787072244 0.4592948717948718 0.07842205323193917 0.11217948717948718
0 0.7617633079847909 0.4842948717948718 0.08056083650190114 0.10256410256410256
0 0.6715779467680608 0.708974358974359 0.08079847908745247 0.10576923076923077
0 0.6585076045627376 0.9235576923076924 0.07984790874524715 0.11185897435897436
