0 0.3420865019011407 0.12532051282051282 0.10194866920152092 0.12692307692307692
0 0.09054182509505704 0.31842948717948716 0.10361216730038023 0.1375
0 0.5465779467680608 0.2153846153846154 0.09980988593155894 0.1282051282051282
0 0.4869296577946768 0.35625 0.09885931558935361 0.12596153846153846
0 0.6926093155893536 0.40544871794871795 0.09576996197718632 0.13012820512820514
0 0.9061311787072244 0.3504807692307692 0.1002851711026616 0.12467948717948718
0 0.8504039923954373 0.7650641025641025 0.10289923954372623 0.1346153846153846
0 0.5659458174904943 0.6423076923076924 0.10384980988593157 0.13012820512820514
0 0.43346007604562736 0.8621794871794872 0.10123574144486693 0.13653846153846153
0 0.21708650190114068 0.7192307692307692 0.10194866920152092 0.1346153846153846
