0 0.21340304182509506 0.27131410256410254 0.08222433460076045 0.11634615384615385
0 0.4278754752851711 0.11346153846153846 0.08246197718631179 0.1076923076923077
0 0.5331511406844106 0.23733974358974358 0.08531368821292776 0.10993589743589743
0 0.7312262357414449 0.23044871794871793 0.08317490494296578 0.11538461538461539
0 0.8318678707224335 0.4982371794871795 0.08626425855513307 0.11506410256410256
0 0.47896863117870725 0.48333333333333334 0.08626425855513307 0.10448717948717949
0 0.1960551330798479 0.6411858974358975 0.0903041825095057 0.11955128205128206
0 0.33258079847908745 0.9091346153846154 0.08626425855513307 0.11955128205128206
0 0.590541825095057 0.8184294871794872 0.08460076045627377 0.11762820512820513
0 0.8230750950570342 0.8761217948717949 0.08626425855513307 0.11955128205128206
