0 0.10622623574144487 0.30993589743589745 0.07366920152091255 0.08653846153846154
0 0.31879752851711024 0.1546474358974359 0.06962927756653993 0.08557692307692308
0 0.46506653992395436 0.1876602564102564 0.07271863117870722 0.08942307692307692
0 0.6980750950570342 0.23413461538461539 0.08151140684410646 0.10352564102564103
0 0.5058222433460076 0.4842948717948718 0.07675855513307984 0.10448717948717949
0 0.7293250950570342 0.5323717948717949 0.07271863117870722 0.09615384615384616
0 0.4370247148288973 0.7181089743589744 0.07034220532319392 0.0919871794871795
0 0.5897100760456274 0.8479166666666667 0.06725285171102661 0.10352564102564103
0 0.2893298479087453 0.5532051282051282 0.06962927756653993 0.09487179487179487
0 0.1208412547528517 0.7591346153846154 0.07913498098859316 0.09519230769230769
