1 0.8868821292775665 0.35224358974358977 0.11216730038022814 0.1391025641025641
3 0.660884030418251 0.3318910256410256 0.10408745247148289 0.12083333333333333
1 0.5043963878326996 0.11009615384615384 0.10480038022813688 0.14134615384615384
0 0.3594344106463878 0.3891025641025641 0.10907794676806083 0.12435897435897436
3 0.1744296577946768 0.3766025641025641 0.10693916349809886 0.12435897435897436
0 0.08780893536121673 0.5338141025641026 0.10194866920152092 0.13557692307692307
1 0.406962927756654 0.6836538461538462 0.11192965779467681 0.14358974358974358
1 0.5918488593155894 0.8115384615384615 0.11192965779467681 0.1346153846153846
3 0.7324144486692015 0.6865384615384615 0.10313688212927756 0.12692307692307692
3 0.9004277566539924 0.7227564102564102 0.10503802281368821 0.13333333333333333
