0 0.20995722433460076 0.29919871794871794 0.08769011406844106 0.10544871794871795
0 0.24904942965779467 0.7783653846153846 0.08697718631178707 0.1016025641025641
0 0.7257604562737643 0.13493589743589743 0.07652091254752852 0.1076923076923077
0 0.5038022813688213 0.28221153846153846 0.08079847908745247 0.10352564102564103
0 0.3780893536121673 0.5504807692307693 0.08222433460076045 0.10224358974358974
0 0.5535884030418251 0.6508012820512821 0.07913498098859316 0.10865384615384616
0 0.6129990494296578 0.9251602564102565 0.08246197718631179 0.10673076923076923
0 0.8500475285171103 0.8254807692307692 0.07984790874524715 0.10352564102564103
0 0.7139971482889734 0.4753205128205128 0.07200570342205323 0.1076923076923077
0 0.8587214828897338 0.6216346153846154 0.08151140684410646 0.10352564102564103
