0 0.9433222433460076 0.6262820512820513 0.09244296577946769 0.11730769230769231
0 0.8745247148288974 0.3211538461538462 0.094106463878327 0.11730769230769231
0 0.6284458174904943 0.16891025641025642 0.08626425855513307 0.125
0 0.45793726235741444 0.14871794871794872 0.08555133079847908 0.13141025641025642
0 0.2660408745247148 0.2032051282051282 0.09101711026615969 0.11858974358974358
0 0.1953422053231939 0.49775641025641026 0.0903041825095057 0.12051282051282051
0 0.4052994296577947 0.4842948717948718 0.08769011406844106 0.1282051282051282
0 0.3780893536121673 0.732051282051282 0.09173003802281368 0.11730769230769231
0 0.6707461977186312 0.580448717948718 0.08864068441064639 0.12371794871794872
0 0.5900665399239544 0.8573717948717948 0.08697718631178707 0.125
