0 0.11608840304182509 0.2815705128205128 0.07913498098859316 0.10673076923076923
0 0.3310361216730038 0.14727564102564103 0.07984790874524715 0.10032051282051282
0 0.30762832699619774 0.4235576923076923 0.07438212927756654 0.10224358974358974
0 0.15815114068441063 0.7875 0.07913498098859316 0.10448717948717949
0 0.3669201520912547 0.8131410256410256 0.08079847908745247 0.10448717948717949
0 0.6639733840304183 0.8141025641025641 0.07509505703422054 0.09807692307692308
0 0.6367633079847909 0.5536858974358975 0.07770912547528518 0.10480769230769231
0 0.5476473384030418 0.38990384615384616 0.07200570342205323 0.1016025641025641
0 0.5516872623574145 0.17051282051282052 0.07675855513307984 0.10448717948717949
0 0.8381653992395437 0.3926282051282051 0.07366920152091255 0.09807692307692308
