29 0.5155448717948717 0.45556083650190116 0.1766025641025641 0.11929657794676807
30 0.841025641025641 0.28719106463878324 0.1782051282051282 0.11620722433460076
30 0.5261217948717949 0.9117157794676806 0.16378205128205128 0.1195342205323194
31 0.16875 0.2781606463878327 0.18942307692307692 0.11288022813688213
33 0.40512820512820513 0.14603136882129278 0.17243589743589743 0.12143536121673004
33 0.2668269230769231 0.839472433460076 0.16378205128205128 0.13094106463878327
36 0.22387820512820514 0.5414686311787072 0.1560897435897436 0.1157319391634981
36 0.7621794871794871 0.7901615969581749 0.16602564102564102 0.12309885931558935
38 0.8671474358974359 0.5519249049429658 0.1830128205128205 0.12618821292775664
39 0.7097756410256411 0.10705798479087453 0.1657051282051282 0.11145437262357415
