28 0.9282319391634981 0.6506410256410257 0.13925855513307986 0.17435897435897435
28 0.6772813688212928 0.6083333333333333 0.1373574144486692 0.16666666666666666
28 0.1793013307984791 0.1876602564102564 0.14519961977186313 0.19583333333333333
31 0.41219106463878324 0.6863782051282051 0.13236692015209126 0.18493589743589745
32 0.5886406844106464 0.3126602564102564 0.12642585551330798 0.17596153846153847
33 0.8748811787072244 0.25769230769230766 0.13997148288973385 0.18269230769230768
35 0.43904467680608367 0.2326923076923077 0.14519961977186313 0.20384615384615384
36 0.1366444866920152 0.7294871794871794 0.13783269961977188 0.20064102564102565
36 0.07141159695817491 0.4046474358974359 0.14092205323193915 0.18173076923076922
38 0.5499049429657795 0.9046474358974359 0.13545627376425856 0.1875
