4 0.910527566539924 0.41458333333333336 0.11240494296577946 0.13557692307692307
4 0.8346007604562737 0.7213141025641026 0.10598859315589354 0.14326923076923076
4 0.6956986692015209 0.4080128205128205 0.09909695817490494 0.13333333333333333
4 0.5853136882129277 0.24375 0.09505703422053231 0.12916666666666668
4 0.3048954372623574 0.3424679487179487 0.10693916349809886 0.1407051282051282
4 0.06915399239543726 0.4128205128205128 0.11311787072243346 0.13653846153846153
4 0.435361216730038 0.5612179487179487 0.10361216730038023 0.14294871794871794
4 0.6328422053231939 0.7985576923076924 0.10123574144486693 0.14198717948717948
4 0.4409458174904943 0.8504807692307692 0.10527566539923955 0.14711538461538462
4 0.20437262357414449 0.6947115384615384 0.11169201520912547 0.1451923076923077
