4 0.7958650190114068 0.3177884615384615 0.10598859315589354 0.1387820512820513
4 0.5734315589353612 0.4182692307692308 0.10123574144486693 0.14102564102564102
4 0.8650190114068441 0.5408653846153846 0.10218631178707224 0.1387820512820513
4 0.7119771863117871 0.5371794871794872 0.10598859315589354 0.14166666666666666
4 0.6700332699619772 0.7756410256410257 0.10289923954372623 0.13653846153846153
4 0.38521863117870725 0.5511217948717949 0.09648288973384031 0.1310897435897436
4 0.33329372623574144 0.8690705128205128 0.10670152091254753 0.1439102564102564
4 0.126069391634981 0.5424679487179487 0.10194866920152092 0.13557692307692307
4 0.07034220532319392 0.29967948717948717 0.10931558935361217 0.14743589743589744
4 0.251069391634981 0.26121794871794873 0.10670152091254753 0.13653846153846153
