29 0.4616207224334601 0.7669871794871795 0.1057509505703422 0.14551282051282052
30 0.15137832699619772 0.41586538461538464 0.11454372623574144 0.15737179487179487
31 0.9140922053231939 0.28894230769230766 0.11288022813688213 0.1548076923076923
32 0.44106463878326996 0.1544871794871795 0.11549429657794677 0.16923076923076924
32 0.9263307984790875 0.6434294871794872 0.11549429657794677 0.15737179487179487
32 0.6705085551330798 0.729326923076923 0.1057509505703422 0.14967948717948718
33 0.7292062737642585 0.18701923076923077 0.11763307984790874 0.16506410256410256
34 0.6077709125475285 0.4701923076923077 0.1057509505703422 0.14423076923076922
37 0.24643536121673004 0.6822115384615385 0.10979087452471482 0.17275641025641025
39 0.33091730038022815 0.41474358974358977 0.10670152091254753 0.15256410256410258
