4 0.5927994296577946 0.23301282051282052 0.10194866920152092 0.13525641025641025
4 0.8602661596958175 0.4496794871794872 0.11454372623574144 0.13974358974358975
4 0.6960551330798479 0.5536858974358975 0.11074144486692016 0.1342948717948718
4 0.7122148288973384 0.8028846153846154 0.10836501901140684 0.14615384615384616
4 0.5180608365019012 0.8418269230769231 0.09648288973384031 0.1387820512820513
4 0.2997861216730038 0.8003205128205129 0.10432509505703422 0.13653846153846153
4 0.4052994296577947 0.49615384615384617 0.10052281368821293 0.13653846153846153
4 0.32497623574144485 0.26121794871794873 0.10289923954372623 0.13653846153846153
4 0.06440114068441065 0.3466346153846154 0.11311787072243346 0.1451923076923077
4 0.125356463878327 0.563301282051282 0.11002851711026616 0.1407051282051282
