4 0.6269011406844106 0.21121794871794872 0.10361216730038023 0.14294871794871794
4 0.813925855513308 0.43525641025641026 0.11074144486692016 0.1346153846153846
4 0.8032319391634981 0.7334935897435897 0.10836501901140684 0.1439102564102564
4 0.5746197718631179 0.4950320512820513 0.10503802281368821 0.14326923076923076
4 0.3111929657794677 0.2453525641025641 0.10527566539923955 0.1342948717948718
4 0.08483840304182509 0.3269230769230769 0.11787072243346007 0.15064102564102563
4 0.3982889733840304 0.5078525641025641 0.10361216730038023 0.14326923076923076
4 0.0817490494296578 0.5809294871794872 0.11311787072243346 0.1439102564102564
4 0.5698669201520913 0.7996794871794872 0.10361216730038023 0.14615384615384616
4 0.25463403041825095 0.7612179487179487 0.10432509505703422 0.14615384615384616
