29 0.1484077946768061 0.1519230769230769 0.11097908745247148 0.15897435897435896
30 0.20092680608365018 0.7709935897435898 0.10194866920152092 0.14262820512820512
31 0.7327709125475285 0.7868589743589743 0.10480038022813688 0.14551282051282052
29 0.44831273764258556 0.4907051282051282 0.10099809885931559 0.14551282051282052
32 0.8532557034220533 0.2016025641025641 0.10480038022813688 0.14423076923076922
32 0.5175855513307985 0.8583333333333333 0.10598859315589354 0.14807692307692308
37 0.2296815589353612 0.4657051282051282 0.10432509505703422 0.15256410256410258
38 0.49500950570342206 0.1517628205128205 0.09885931558935361 0.15865384615384615
38 0.8960313688212928 0.5325320512820513 0.10670152091254753 0.1439102564102564
39 0.682865969581749 0.5368589743589743 0.11097908745247148 0.1467948717948718
