28 0.36656368821292773 0.23862179487179488 0.11192965779467681 0.1625
29 0.13509980988593157 0.3530448717948718 0.1157319391634981 0.1560897435897436
29 0.9077946768060836 0.277724358974359 0.12357414448669202 0.17724358974358975
31 0.6331986692015209 0.23653846153846153 0.1157319391634981 0.16666666666666666
31 0.10812737642585551 0.6504807692307693 0.11074144486692016 0.1560897435897436
32 0.6876188212927756 0.7722756410256411 0.10860266159695818 0.15352564102564104
35 0.5817490494296578 0.48862179487179486 0.1126425855513308 0.17083333333333334
37 0.8797528517110266 0.5411858974358974 0.12595057034220533 0.17596153846153847
38 0.35729562737642584 0.5725961538461538 0.12048479087452471 0.17147435897435898
39 0.4004277566539924 0.8225961538461538 0.10979087452471482 0.15993589743589742
