4 0.3922290874524715 0.10705128205128205 0.10765209125475285 0.15705128205128205
4 0.1367633079847909 0.3248397435897436 0.1219106463878327 0.1548076923076923
4 0.6331986692015209 0.18814102564102564 0.125712927756654 0.16538461538461538
4 0.8607414448669202 0.3504807692307692 0.12975285171102663 0.16762820512820512
4 0.6501901140684411 0.4881410256410256 0.12975285171102663 0.15705128205128205
4 0.4361929657794677 0.459775641025641 0.11810836501901141 0.15993589743589742
4 0.2352661596958175 0.7219551282051282 0.10361216730038023 0.1483974358974359
4 0.6343868821292775 0.697275641025641 0.11858365019011406 0.16121794871794873
4 0.904111216730038 0.6684294871794871 0.1280893536121673 0.15673076923076923
4 0.46387832699619774 0.8690705128205128 0.10979087452471482 0.14198717948717948
