4 0.6324857414448669 0.16362179487179487 0.10052281368821293 0.14198717948717948
4 0.3578897338403042 0.14342948717948717 0.11311787072243346 0.15673076923076923
4 0.07699619771863118 0.4528846153846154 0.11787072243346007 0.15064102564102563
4 0.4113593155893536 0.421474358974359 0.10598859315589354 0.14294871794871794
4 0.6347433460076045 0.48173076923076924 0.11454372623574144 0.14615384615384616
4 0.781962927756654 0.29919871794871794 0.11478136882129278 0.1548076923076923
4 0.903398288973384 0.5991987179487179 0.12333650190114069 0.1548076923076923
4 0.7352661596958175 0.8910256410256411 0.11454372623574144 0.1621794871794872
4 0.4516397338403042 0.7838141025641026 0.10765209125475285 0.1548076923076923
4 0.1960551330798479 0.8740384615384615 0.12167300380228137 0.15576923076923077
