28 0.18904467680608364 0.7830128205128205 0.1157319391634981 0.16666666666666666
29 0.41611216730038025 0.7942307692307692 0.1088403041825095 0.14935897435897436
31 0.5841254752851711 0.4700320512820513 0.10979087452471482 0.1548076923076923
32 0.0748574144486692 0.40192307692307694 0.12642585551330798 0.1641025641025641
32 0.6042062737642585 0.1857371794871795 0.11668250950570343 0.1733974358974359
33 0.28564638783269963 0.2141025641025641 0.1088403041825095 0.1641025641025641
33 0.8827233840304183 0.6432692307692308 0.12428707224334601 0.16538461538461538
34 0.6738355513307985 0.7049679487179488 0.11858365019011406 0.15865384615384615
35 0.3283032319391635 0.49391025641025643 0.11192965779467681 0.16538461538461538
39 0.8981701520912547 0.22948717948717948 0.13236692015209126 0.17756410256410257
