28 0.5630941064638784 0.4740384615384615 0.10289923954372623 0.14166666666666666
29 0.3366207224334601 0.5157051282051283 0.09909695817490494 0.13782051282051283
30 0.8852186311787072 0.29743589743589743 0.10788973384030419 0.14551282051282052
31 0.8543250950570342 0.5612179487179487 0.10693916349809886 0.1467948717948718
34 0.16504277566539924 0.6233974358974359 0.09909695817490494 0.14423076923076922
35 0.2640209125475285 0.24727564102564104 0.1088403041825095 0.1560897435897436
36 0.6915399239543726 0.20625 0.11311787072243346 0.1657051282051282
36 0.6134743346007605 0.7447115384615385 0.09909695817490494 0.14967948717948718
38 0.34755228136882127 0.8480769230769231 0.09672053231939164 0.15256410256410258
39 0.4622148288973384 0.13141025641025642 0.1002851711026616 0.1467948717948718
