4 0.3334125475285171 0.15833333333333333 0.10361216730038023 0.13525641025641025
4 0.5718868821292775 0.25272435897435896 0.10432509505703422 0.1451923076923077
4 0.7736454372623575 0.31634615384615383 0.11240494296577946 0.14423076923076922
4 0.5715304182509505 0.4778846153846154 0.10693916349809886 0.14102564102564102
4 0.20282794676806085 0.5149038461538461 0.10052281368821293 0.13557692307692307
4 0.30370722433460073 0.7064102564102565 0.10741444866920152 0.14294871794871794
4 0.2843393536121673 0.8889423076923076 0.10527566539923955 0.1451923076923077
4 0.5093868821292775 0.7137820512820513 0.10765209125475285 0.14102564102564102
4 0.7345532319391636 0.6466346153846154 0.09885931558935361 0.1342948717948718
4 0.6216730038022814 0.9043269230769231 0.10456273764258556 0.1483974358974359
