4 0.6280893536121673 0.1358974358974359 0.10931558935361217 0.15705128205128205
4 0.4745722433460076 0.21602564102564104 0.0979087452471483 0.13782051282051283
4 0.2637832699619772 0.1326923076923077 0.11311787072243346 0.14807692307692308
4 0.23407794676806085 0.38237179487179485 0.11406844106463879 0.13974358974358975
4 0.41159695817490494 0.5083333333333333 0.10836501901140684 0.13974358974358975
4 0.16920152091254753 0.6653846153846154 0.10741444866920152 0.13333333333333333
4 0.41848859315589354 0.7399038461538462 0.10598859315589354 0.14198717948717948
4 0.6676568441064639 0.5392628205128205 0.11240494296577946 0.1483974358974359
4 0.9025665399239544 0.4198717948717949 0.12357414448669202 0.15256410256410258
4 0.7412072243346007 0.8200320512820513 0.10931558935361217 0.1375
