28 0.4670865019011407 0.7511217948717949 0.0971958174904943 0.13493589743589743
29 0.12488117870722433 0.5685897435897436 0.11097908745247148 0.15897435897435896
30 0.2734077946768061 0.2762820512820513 0.10765209125475285 0.15897435897435896
31 0.49596007604562736 0.16378205128205128 0.11169201520912547 0.15064102564102563
33 0.7665161596958175 0.6381410256410256 0.11383079847908745 0.1467948717948718
34 0.877851711026616 0.3993589743589744 0.1126425855513308 0.14807692307692308
35 0.7072243346007605 0.21474358974358973 0.12072243346007605 0.16794871794871793
35 0.6336739543726235 0.8008012820512821 0.10670152091254753 0.15224358974358973
38 0.2877851711026616 0.7301282051282051 0.10646387832699619 0.15256410256410258
39 0.4907319391634981 0.4338141025641026 0.11406844106463879 0.15544871794871795
