30 0.8253205128205128 0.47980038022813687 0.1608974358974359 0.1150190114068441
30 0.8701923076923077 0.2961026615969582 0.1737179487179487 0.12357414448669202
32 0.26634615384615384 0.6809648288973384 0.1737179487179487 0.12666349809885932
32 0.5341346153846154 0.7243346007604563 0.17083333333333334 0.1288022813688213
34 0.4998397435897436 0.4344106463878327 0.17083333333333334 0.12357414448669202
36 0.6097756410256411 0.938925855513308 0.1842948717948718 0.11977186311787072
38 0.1594551282051282 0.4814638783269962 0.17147435897435898 0.12214828897338403
38 0.4516025641025641 0.13913973384030418 0.1685897435897436 0.13141634980988592
39 0.8354166666666667 0.7022338403041825 0.1701923076923077 0.11977186311787072
39 0.2141025641025641 0.24120722433460076 0.17884615384615385 0.1335551330798479
