28 0.5566777566539924 0.42435897435897435 0.10384980988593157 0.14294871794871794
29 0.6272576045627376 0.20016025641025642 0.10384980988593157 0.15224358974358973
29 0.1150190114068441 0.7578525641025641 0.11074144486692016 0.1560897435897436
30 0.8695342205323194 0.35368589743589746 0.10979087452471482 0.15224358974358973
31 0.9111216730038023 0.6618589743589743 0.1126425855513308 0.1519230769230769
32 0.5563212927756654 0.7631410256410256 0.1126425855513308 0.14807692307692308
33 0.69106463878327 0.6637820512820513 0.11169201520912547 0.14551282051282052
38 0.38094106463878324 0.1466346153846154 0.11644486692015209 0.17467948717948717
39 0.20068916349809887 0.3923076923076923 0.10432509505703422 0.15705128205128205
39 0.3438688212927757 0.6466346153846154 0.10218631178707224 0.1625
