28 0.22576045627376426 0.2299679487179487 0.1088403041825095 0.15352564102564104
30 0.46554182509505704 0.2075320512820513 0.094106463878327 0.15352564102564104
31 0.754277566539924 0.2153846153846154 0.1126425855513308 0.16153846153846155
32 0.7185123574144486 0.7405448717948718 0.10765209125475285 0.14262820512820512
33 0.3361454372623574 0.453525641025641 0.10004752851711027 0.14551282051282052
34 0.5058222433460076 0.7875 0.10384980988593157 0.14423076923076922
35 0.11406844106463879 0.49727564102564104 0.09695817490494296 0.1375
36 0.9196768060836502 0.4875 0.11739543726235742 0.16153846153846155
37 0.3115494296577947 0.7403846153846154 0.10218631178707224 0.15256410256410258
38 0.6188212927756654 0.5107371794871794 0.10979087452471482 0.14967948717948718
