28 0.40137832699619774 0.7524038461538461 0.10693916349809886 0.17211538461538461
28 0.716967680608365 0.5705128205128205 0.1088403041825095 0.16282051282051282
30 0.5881653992395437 0.7644230769230769 0.10979087452471482 0.15064102564102563
31 0.1984315589353612 0.6637820512820513 0.11454372623574144 0.15064102564102563
33 0.08864068441064639 0.4165064102564103 0.1126425855513308 0.1560897435897436
36 0.31475760456273766 0.49262820512820515 0.11097908745247148 0.1685897435897436
37 0.5504990494296578 0.4671474358974359 0.10670152091254753 0.15865384615384615
37 0.4294201520912547 0.23157051282051283 0.10123574144486693 0.15544871794871795
38 0.717324144486692 0.24246794871794872 0.1195342205323194 0.1657051282051282
39 0.9045865019011406 0.5942307692307692 0.11715779467680608 0.16282051282051282
