28 0.8488593155893536 0.23990384615384616 0.12547528517110265 0.15993589743589742
29 0.7738830798479087 0.7346153846153847 0.11288022813688213 0.1576923076923077
29 0.09802756653992395 0.2987179487179487 0.11763307984790874 0.16923076923076924
30 0.9213403041825095 0.5772435897435897 0.10979087452471482 0.14423076923076922
31 0.27875475285171103 0.45096153846153847 0.1088403041825095 0.16153846153846155
32 0.3272338403041825 0.6889423076923077 0.10979087452471482 0.15096153846153845
33 0.6120484790874525 0.35625 0.11858365019011406 0.15737179487179487
34 0.12345532319391635 0.6770833333333334 0.13521863117870722 0.16955128205128206
37 0.44284695817490494 0.16698717948717948 0.11525665399239544 0.18012820512820513
39 0.5488355513307985 0.7868589743589743 0.11192965779467681 0.16153846153846155
