4 0.6567307692307692 0.16326045627376426 0.125 0.1002851711026616
4 0.29615384615384616 0.2410884030418251 0.11794871794871795 0.08769011406844106
4 0.1501602564102564 0.4075570342205323 0.11955128205128206 0.08982889733840305
4 0.7019230769230769 0.35634505703422054 0.1294871794871795 0.09196768060836502
4 0.5177884615384616 0.47374049429657794 0.1266025641025641 0.09196768060836502
4 0.9315705128205128 0.4688688212927757 0.13365384615384615 0.09933460076045628
4 0.43509615384615385 0.6359315589353612 0.12532051282051282 0.094106463878327
4 0.18189102564102563 0.6059885931558935 0.12532051282051282 0.09173003802281368
4 0.7208333333333333 0.6380703422053232 0.12371794871794872 0.09173003802281368
4 0.4963141025641026 0.879277566539924 0.1266025641025641 0.09838403041825095
