28 0.7684294871794872 0.46031368821292773 0.1439102564102564 0.10361216730038023
28 0.7043269230769231 0.8378089353612167 0.15224358974358973 0.11715779467680608
29 0.555448717948718 0.6456749049429658 0.15384615384615385 0.1150190114068441
30 0.37596153846153846 0.11656368821292776 0.1596153846153846 0.11288022813688213
32 0.8815705128205128 0.6430608365019012 0.1625 0.11406844106463879
33 0.2185897435897436 0.4903754752851711 0.1467948717948718 0.11097908745247148
35 0.6985576923076923 0.20686787072243346 0.16121794871794873 0.10765209125475285
37 0.17580128205128207 0.7379990494296578 0.14198717948717948 0.10717680608365018
39 0.49919871794871795 0.3363830798479088 0.16185897435897437 0.10717680608365018
39 0.40064102564102566 0.9283507604562737 0.1544871794871795 0.1157319391634981
