28 0.8894230769230769 0.38628802281368824 0.19230769230769232 0.12666349809885932
28 0.8209935897435897 0.6476948669201521 0.18365384615384617 0.12999049429657794
29 0.1921474358974359 0.5690351711026616 0.18814102564102564 0.13094106463878327
32 0.6131410256410257 0.32675855513307983 0.1782051282051282 0.12357414448669202
30 0.816025641025641 0.8657319391634981 0.1794871794871795 0.1288022813688213
31 0.5618589743589744 0.8890209125475285 0.19230769230769232 0.13925855513307986
31 0.48493589743589743 0.5611929657794676 0.18653846153846154 0.13616920152091255
33 0.4969551282051282 0.12927756653992395 0.19647435897435897 0.14258555133079848
35 0.284775641025641 0.32295627376425856 0.19391025641025642 0.13925855513307986
38 0.2189102564102564 0.8925855513307985 0.21987179487179487 0.15779467680608364
