4 0.5247148288973384 0.08782051282051281 0.11311787072243346 0.15705128205128205
4 0.32533269961977185 0.17756410256410257 0.10836501901140684 0.14615384615384616
4 0.09006653992395437 0.4064102564102564 0.12024714828897339 0.15384615384615385
4 0.8512357414448669 0.26298076923076924 0.12975285171102663 0.16314102564102564
4 0.9120722433460076 0.5376602564102564 0.1311787072243346 0.15993589743589742
4 0.6194153992395437 0.5269230769230769 0.11858365019011406 0.15576923076923077
4 0.4212214828897338 0.47419871794871793 0.11002851711026616 0.1439102564102564
4 0.3104800380228137 0.6844551282051282 0.11478136882129278 0.16314102564102564
4 0.5188925855513308 0.694551282051282 0.11240494296577946 0.14935897435897436
4 0.715898288973384 0.8717948717948718 0.11383079847908745 0.1576923076923077
