4 0.3203422053231939 0.21810897435897436 0.12024714828897339 0.16121794871794873
4 0.5509743346007605 0.19294871794871796 0.11145437262357415 0.14743589743589744
4 0.8487404942965779 0.29439102564102565 0.12666349809885932 0.1625
4 0.5541825095057035 0.446474358974359 0.11787072243346007 0.15897435897435896
4 0.3041825095057034 0.49615384615384617 0.11787072243346007 0.15384615384615385
4 0.07545152091254753 0.5921474358974359 0.13046577946768062 0.16891025641025642
4 0.6929657794676806 0.5857371794871795 0.11549429657794677 0.1580128205128205
4 0.8511169201520913 0.7512820512820513 0.12333650190114069 0.15576923076923077
4 0.626782319391635 0.8168269230769231 0.1195342205323194 0.16762820512820512
4 0.35670152091254753 0.8205128205128205 0.12642585551330798 0.1641025641025641
