5 0.8990019011406845 0.34935897435897434 0.10503802281368821 0.14166666666666666
5 0.6787072243346007 0.38253205128205126 0.09648288973384031 0.14198717948717948
5 0.751069391634981 0.5863782051282052 0.10670152091254753 0.13557692307692307
5 0.9168250950570342 0.7314102564102564 0.11406844106463879 0.13333333333333333
5 0.5956511406844106 0.7939102564102564 0.09814638783269962 0.13012820512820514
5 0.31440114068441066 0.7517628205128205 0.09743346007604563 0.1375
5 0.4208650190114068 0.446474358974359 0.10598859315589354 0.13525641025641025
5 0.38201045627376423 0.27403846153846156 0.0995722433460076 0.1282051282051282
5 0.09600760456273764 0.3328525641025641 0.11169201520912547 0.1407051282051282
5 0.06749049429657794 0.600801282051282 0.11311787072243346 0.1387820512820513
