5 0.3955560836501901 0.0782051282051282 0.06487642585551331 0.09935897435897435
5 0.19047053231939162 0.15625 0.07438212927756654 0.0907051282051282
5 0.7570104562737643 0.26826923076923076 0.06820342205323193 0.09935897435897435
5 0.9212214828897338 0.45913461538461536 0.07675855513307984 0.09711538461538462
5 0.6004039923954373 0.37916666666666665 0.06962927756653993 0.09294871794871795
5 0.27768536121673004 0.475801282051282 0.06962927756653993 0.0919871794871795
5 0.563569391634981 0.5836538461538462 0.0686787072243346 0.09166666666666666
5 0.33258079847908745 0.6439102564102565 0.0686787072243346 0.09487179487179487
5 0.30335076045627374 0.8131410256410256 0.07200570342205323 0.09166666666666666
5 0.6588640684410646 0.8620192307692308 0.06962927756653993 0.10032051282051282
