4 0.42431083650190116 0.1076923076923077 0.10052281368821293 0.14102564102564102
4 0.28422053231939165 0.25112179487179487 0.10361216730038023 0.14198717948717948
4 0.21779942965779467 0.49919871794871795 0.10194866920152092 0.1387820512820513
4 0.29859790874524716 0.6349358974358974 0.10052281368821293 0.13653846153846153
4 0.40019011406844107 0.402724358974359 0.09980988593155894 0.13365384615384615
4 0.7447718631178707 0.18060897435897436 0.10693916349809886 0.13557692307692307
4 0.5623811787072244 0.25384615384615383 0.10289923954372623 0.1346153846153846
4 0.8597908745247148 0.41169871794871793 0.10598859315589354 0.13237179487179487
4 0.4994058935361217 0.6908653846153846 0.10052281368821293 0.13557692307692307
4 0.6644486692015209 0.7400641025641026 0.10741444866920152 0.13974358974358975
