57 0.342680608365019 0.11907051282051281 0.10456273764258556 0.15993589743589742
54 0.14246673003802282 0.5310897435897436 0.10432509505703422 0.15
52 0.7630703422053232 0.5717948717948718 0.10313688212927756 0.14102564102564102
51 0.2877851711026616 0.7615384615384615 0.0979087452471483 0.1423076923076923
47 0.17371673003802282 0.28397435897435896 0.1002851711026616 0.16153846153846155
47 0.6241682509505704 0.8879807692307692 0.1033745247148289 0.1451923076923077
46 0.4375 0.5557692307692308 0.0979087452471483 0.1467948717948718
46 0.564995247148289 0.3733974358974359 0.10099809885931559 0.15384615384615385
42 0.9077946768060836 0.43157051282051284 0.1088403041825095 0.14262820512820512
43 0.6630228136882129 0.1371794871794872 0.10123574144486693 0.15
