4 0.18191539923954372 0.1860576923076923 0.12666349809885932 0.16955128205128206
4 0.07295627376425856 0.4065705128205128 0.12737642585551331 0.1580128205128205
4 0.4358365019011407 0.23573717948717948 0.12357414448669202 0.17083333333333334
4 0.5924429657794676 0.31634615384615383 0.11549429657794677 0.15897435897435896
4 0.8803469581749049 0.2549679487179487 0.12666349809885932 0.16442307692307692
4 0.6814401140684411 0.610897435897436 0.12428707224334601 0.15705128205128205
4 0.935004752851711 0.6508012820512821 0.12333650190114069 0.16442307692307692
4 0.41682509505703425 0.6931089743589743 0.11406844106463879 0.1548076923076923
4 0.5528754752851711 0.916025641025641 0.1219106463878327 0.16346153846153846
4 0.1415161596958175 0.7254807692307692 0.1219106463878327 0.16442307692307692
