5 0.36666666666666664 0.1188212927756654 0.14102564102564102 0.10361216730038023
5 0.739423076923077 0.14341730038022812 0.13525641025641025 0.0971958174904943
5 0.5466346153846153 0.27685361216730037 0.1266025641025641 0.09505703422053231
5 0.12580128205128205 0.44165874524714827 0.13942307692307693 0.09814638783269962
5 0.49551282051282053 0.48063212927756654 0.13397435897435897 0.09909695817490494
5 0.8604166666666667 0.5026140684410646 0.1266025641025641 0.09600760456273764
5 0.5322115384615385 0.6733602661596958 0.13237179487179487 0.09386882129277567
5 0.20192307692307693 0.6961739543726235 0.13076923076923078 0.0971958174904943
5 0.8451923076923077 0.7490494296577946 0.13974358974358975 0.1002851711026616
5 0.5193910256410257 0.9338165399239544 0.1439102564102564 0.11525665399239544
