4 0.9176568441064639 0.4826923076923077 0.11240494296577946 0.13782051282051283
4 0.7118583650190115 0.26826923076923076 0.10432509505703422 0.13974358974358975
4 0.5081986692015209 0.18493589743589745 0.10194866920152092 0.13333333333333333
4 0.26211977186311786 0.23573717948717948 0.10503802281368821 0.1407051282051282
4 0.7349096958174905 0.6209935897435898 0.10289923954372623 0.1407051282051282
4 0.5022576045627376 0.5052884615384615 0.10432509505703422 0.13557692307692307
4 0.6719344106463878 0.8621794871794872 0.09576996197718632 0.1346153846153846
4 0.4840779467680608 0.71875 0.0979087452471483 0.14198717948717948
4 0.26057509505703425 0.7758012820512821 0.10527566539923955 0.1387820512820513
4 0.06784695817490494 0.5184294871794872 0.11240494296577946 0.1451923076923077
