4 0.7502376425855514 0.29599358974358975 0.10693916349809886 0.13365384615384615
4 0.5370722433460076 0.28894230769230766 0.0979087452471483 0.13237179487179487
4 0.2997861216730038 0.25064102564102564 0.0995722433460076 0.13012820512820514
4 0.06713403041825095 0.3956730769230769 0.10765209125475285 0.1387820512820513
4 0.9180133079847909 0.5020833333333333 0.10361216730038023 0.13557692307692307
4 0.6754990494296578 0.5532051282051282 0.0995722433460076 0.13525641025641025
4 0.4674429657794677 0.5174679487179488 0.09315589353612168 0.12788461538461537
4 0.24560361216730037 0.4966346153846154 0.10052281368821293 0.1310897435897436
4 0.5089115969581749 0.7854166666666667 0.09576996197718632 0.13237179487179487
4 0.22385931558935362 0.7682692307692308 0.10123574144486693 0.1346153846153846
