5 0.4828897338403042 0.2233974358974359 0.10836501901140684 0.14423076923076922
5 0.747148288973384 0.7873397435897436 0.10836501901140684 0.1387820512820513
5 0.4251425855513308 0.7431089743589744 0.10836501901140684 0.13557692307692307
5 0.11977186311787072 0.7282051282051282 0.11454372623574144 0.14615384615384616
5 0.24714828897338403 0.46778846153846154 0.11169201520912547 0.1483974358974359
5 0.4828897338403042 0.49775641025641026 0.10503802281368821 0.15256410256410258
5 0.6897576045627376 0.49182692307692305 0.10765209125475285 0.1451923076923077
5 0.9334600760456274 0.5259615384615385 0.11549429657794677 0.15384615384615385
5 0.7470294676806084 0.22131410256410255 0.11478136882129278 0.1439102564102564
5 0.11775190114068441 0.2048076923076923 0.11715779467680608 0.14102564102564102
