4 0.48645437262357416 0.21602564102564104 0.11074144486692016 0.15256410256410258
4 0.8227186311787072 0.25112179487179487 0.10598859315589354 0.1483974358974359
4 0.2071055133079848 0.1674679487179487 0.1219106463878327 0.1580128205128205
4 0.6671815589353612 0.4657051282051282 0.11002851711026616 0.14807692307692308
4 0.9203897338403042 0.621474358974359 0.1211977186311787 0.15256410256410258
4 0.6817965779467681 0.74375 0.12024714828897339 0.15993589743589742
4 0.3828422053231939 0.6145833333333334 0.10598859315589354 0.1451923076923077
4 0.4531844106463878 0.8355769230769231 0.11074144486692016 0.14935897435897436
4 0.2420389733840304 0.7645833333333333 0.11383079847908745 0.1439102564102564
4 0.11418726235741444 0.5100961538461538 0.12096007604562738 0.1580128205128205
