4 0.8746794871794872 0.2959838403041825 0.14935897435897436 0.11430608365019011
4 0.44887820512820514 0.1359315589353612 0.1439102564102564 0.10551330798479087
4 0.21923076923076923 0.24156368821292776 0.14807692307692308 0.11430608365019011
4 0.16458333333333333 0.48015684410646386 0.1483974358974359 0.10670152091254753
4 0.50625 0.4310836501901141 0.14967948717948718 0.1088403041825095
4 0.8285256410256411 0.47849334600760457 0.1467948717948718 0.1057509505703422
4 0.8408653846153846 0.7047290874524715 0.15096153846153845 0.1057509505703422
4 0.5387820512820513 0.7213640684410646 0.15384615384615385 0.1195342205323194
4 0.2725961538461538 0.6802519011406845 0.15673076923076923 0.11430608365019011
4 0.6163461538461539 0.9416587452471483 0.15384615384615385 0.11430608365019011
