4 0.19011406844106463 0.20416666666666666 0.12404942965779468 0.15897435897435896
4 0.47100760456273766 0.25817307692307695 0.11929657794676807 0.15993589743589742
4 0.9152804182509505 0.23365384615384616 0.13616920152091255 0.1685897435897436
4 0.7043726235741445 0.3296474358974359 0.1288022813688213 0.16442307692307692
4 0.841611216730038 0.5793269230769231 0.13141634980988592 0.17083333333333334
4 0.4093393536121673 0.5078525641025641 0.11620722433460076 0.1560897435897436
4 0.08816539923954372 0.6272435897435897 0.11787072243346007 0.15576923076923077
4 0.4056558935361217 0.7618589743589743 0.12024714828897339 0.15384615384615385
4 0.5888783269961977 0.7964743589743589 0.12262357414448669 0.16987179487179488
4 0.8646625475285171 0.7772435897435898 0.1219106463878327 0.15897435897435896
