56 0.7098384030418251 0.6342948717948718 0.1088403041825095 0.14102564102564102
56 0.2577233840304182 0.6772435897435898 0.09149239543726236 0.125
55 0.6538735741444867 0.4496794871794872 0.09149239543726236 0.12628205128205128
55 0.48051330798479086 0.28044871794871795 0.09363117870722433 0.13653846153846153
55 0.34375 0.6270833333333333 0.09149239543726236 0.13237179487179487
54 0.8917538022813688 0.43365384615384617 0.11097908745247148 0.1467948717948718
52 0.24477186311787072 0.11746794871794872 0.1002851711026616 0.13942307692307693
45 0.3684648288973384 0.8538461538461538 0.09576996197718632 0.13525641025641025
43 0.1747861216730038 0.3733974358974359 0.10004752851711027 0.13397435897435897
44 0.6894011406844106 0.28974358974358977 0.10218631178707224 0.14102564102564102
