5 0.4991682509505703 0.16362179487179487 0.10765209125475285 0.1375
5 0.6901140684410646 0.19567307692307692 0.11169201520912547 0.14006410256410257
5 0.9329847908745247 0.5084935897435897 0.11311787072243346 0.1548076923076923
5 0.597671102661597 0.4326923076923077 0.10836501901140684 0.13974358974358975
5 0.7621197718631179 0.6892628205128205 0.10361216730038023 0.1451923076923077
5 0.6121673003802282 0.6349358974358974 0.10598859315589354 0.14935897435897436
5 0.33460076045627374 0.7661858974358975 0.10123574144486693 0.1342948717948718
5 0.1277328897338403 0.5745192307692307 0.10527566539923955 0.14198717948717948
5 0.32224334600760457 0.40384615384615385 0.10218631178707224 0.14615384615384616
5 0.15411121673003803 0.27147435897435895 0.10907794676806083 0.13974358974358975
