4 0.7407319391634981 0.31842948717948716 0.10361216730038023 0.1375
4 0.5267347908745247 0.2625 0.10289923954372623 0.13653846153846153
4 0.08650190114068441 0.30400641025641023 0.11169201520912547 0.1387820512820513
4 0.7442965779467681 0.5387820512820513 0.09505703422053231 0.1346153846153846
4 0.4524714828897338 0.5330128205128205 0.10123574144486693 0.13333333333333333
4 0.2505941064638783 0.4671474358974359 0.10289923954372623 0.13237179487179487
4 0.07224334600760456 0.6113782051282052 0.10979087452471482 0.1407051282051282
4 0.9161121673003803 0.6764423076923077 0.10598859315589354 0.13685897435897437
4 0.5718868821292775 0.7826923076923077 0.10147338403041825 0.13782051282051283
4 0.24394011406844107 0.8326923076923077 0.10670152091254753 0.13974358974358975
