58 0.08971007604562738 0.5979166666666667 0.11097908745247148 0.1439102564102564
57 0.6139496197718631 0.20705128205128207 0.11097908745247148 0.15833333333333333
58 0.40137832699619774 0.3487179487179487 0.10123574144486693 0.15384615384615385
54 0.8938925855513308 0.2899038461538462 0.1195342205323194 0.15544871794871795
50 0.716254752851711 0.5310897435897436 0.10456273764258556 0.15256410256410258
48 0.8163022813688213 0.7165064102564103 0.10646387832699619 0.15416666666666667
47 0.4310836501901141 0.8376602564102564 0.0979087452471483 0.1439102564102564
46 0.9326283269961977 0.5259615384615385 0.11288022813688213 0.14551282051282052
43 0.3745247148288973 0.5623397435897436 0.10123574144486693 0.15673076923076923
44 0.22385931558935362 0.1873397435897436 0.10551330798479087 0.1625
