5 0.1624287072243346 0.22451923076923078 0.12096007604562738 0.14198717948717948
5 0.46340304182509506 0.17163461538461539 0.10598859315589354 0.1407051282051282
5 0.6019486692015209 0.12580128205128205 0.10931558935361217 0.1387820512820513
5 0.8198669201520913 0.1935897435897436 0.10693916349809886 0.15064102564102563
5 0.8269961977186312 0.4911858974358974 0.10503802281368821 0.14198717948717948
5 0.5737880228136882 0.580448717948718 0.10052281368821293 0.14102564102564102
5 0.20152091254752852 0.45400641025641025 0.10598859315589354 0.1503205128205128
5 0.3911596958174905 0.6237179487179487 0.10836501901140684 0.14615384615384616
5 0.6561311787072244 0.799198717948718 0.1002851711026616 0.1516025641025641
5 0.41920152091254753 0.8605769230769231 0.10741444866920152 0.13782051282051283
