5 0.7012820512820512 0.09695817490494296 0.1423076923076923 0.1088403041825095
5 0.5682692307692307 0.16112167300380228 0.14102564102564102 0.1088403041825095
5 0.17692307692307693 0.29075570342205326 0.14102564102564102 0.11430608365019011
5 0.43798076923076923 0.3915161596958175 0.14262820512820512 0.10670152091254753
5 0.6596153846153846 0.37927756653992395 0.13974358974358975 0.10788973384030419
5 0.801923076923077 0.5067728136882129 0.14807692307692308 0.10670152091254753
5 0.4754807692307692 0.526615969581749 0.15096153846153845 0.11406844106463879
5 0.739423076923077 0.7074619771863118 0.1467948717948718 0.10693916349809886
5 0.4408653846153846 0.780537072243346 0.13942307692307693 0.1057509505703422
5 0.5056089743589743 0.9177756653992395 0.13942307692307693 0.11311787072243346
