4 0.910527566539924 0.29599358974358975 0.1280893536121673 0.1657051282051282
4 0.6241682509505704 0.2185897435897436 0.1280893536121673 0.16666666666666666
4 0.3373336501901141 0.32099358974358977 0.12428707224334601 0.17083333333333334
4 0.11620722433460076 0.2362179487179487 0.1188212927756654 0.15256410256410258
4 0.626782319391635 0.5014423076923077 0.12428707224334601 0.1580128205128205
4 0.8393536121673004 0.6753205128205129 0.12975285171102663 0.15576923076923077
4 0.6209600760456274 0.8610576923076924 0.1188212927756654 0.16442307692307692
4 0.4203897338403042 0.6407051282051283 0.11311787072243346 0.15064102564102563
4 0.22611692015209126 0.5222756410256411 0.11240494296577946 0.1503205128205128
4 0.10551330798479087 0.7245192307692307 0.1211977186311787 0.15993589743589742
