5 0.9085076045627376 0.6251602564102564 0.1211977186311787 0.1451923076923077
5 0.8229562737642585 0.4469551282051282 0.12262357414448669 0.1451923076923077
5 0.6861929657794676 0.6903846153846154 0.10670152091254753 0.14102564102564102
5 0.3443441064638783 0.8040064102564103 0.10836501901140684 0.14198717948717948
5 0.1150190114068441 0.6780448717948718 0.10979087452471482 0.1548076923076923
5 0.47504752851711024 0.5639423076923077 0.10836501901140684 0.1548076923076923
5 0.2675855513307985 0.4267628205128205 0.11787072243346007 0.1407051282051282
5 0.11181083650190114 0.3003205128205128 0.11478136882129278 0.15064102564102563
5 0.6577946768060836 0.2233974358974359 0.11787072243346007 0.13782051282051283
5 0.4127851711026616 0.16105769230769232 0.11549429657794677 0.1451923076923077
