4 0.3990019011406844 0.1919871794871795 0.09885931558935361 0.13653846153846153
4 0.5644011406844106 0.24102564102564103 0.09885931558935361 0.13846153846153847
4 0.7772100760456274 0.28862179487179485 0.10194866920152092 0.12916666666666668
4 0.9022100760456274 0.19663461538461538 0.10052281368821293 0.13557692307692307
4 0.11347433460076045 0.3903846153846154 0.09576996197718632 0.1282051282051282
4 0.42549904942965777 0.4618589743589744 0.08864068441064639 0.12371794871794872
4 0.6039686311787072 0.53125 0.10052281368821293 0.13237179487179487
4 0.8152328897338403 0.6129807692307693 0.10527566539923955 0.12916666666666668
4 0.9010218631178707 0.7863782051282051 0.10289923954372623 0.12403846153846154
4 0.27792300380228135 0.7334935897435897 0.09576996197718632 0.12275641025641025
