5 0.8906844106463878 0.2692307692307692 0.0903041825095057 0.12051282051282051
5 0.6265446768060836 0.2568910256410256 0.08864068441064639 0.11314102564102564
5 0.6145437262357415 0.3855769230769231 0.08697718631178707 0.11858974358974358
5 0.4195579847908745 0.3894230769230769 0.08626425855513307 0.11730769230769231
5 0.25499049429657794 0.2128205128205128 0.09268060836501901 0.12051282051282051
5 0.0992157794676806 0.2655448717948718 0.09101711026615969 0.12596153846153846
5 0.4556796577946768 0.520673076923077 0.08864068441064639 0.11762820512820513
5 0.22100760456273763 0.7096153846153846 0.0879277566539924 0.12371794871794872
5 0.5070104562737643 0.8179487179487179 0.08864068441064639 0.12051282051282051
5 0.8665636882129277 0.6693910256410256 0.0895912547528517 0.11634615384615385
