58 0.8480769230769231 0.8214115969581749 0.13525641025641025 0.1057509505703422
57 0.41762820512820514 0.811074144486692 0.13205128205128205 0.10408745247148289
55 0.35657051282051283 0.7043726235741445 0.13493589743589743 0.09885931558935361
53 0.2983974358974359 0.12559410646387834 0.12884615384615383 0.09767110266159695
51 0.6118589743589744 0.18227186311787072 0.12884615384615383 0.09980988593155894
51 0.6708333333333333 0.7990731939163498 0.12756410256410255 0.10717680608365018
41 0.48493589743589743 0.32259980988593157 0.13333333333333333 0.09672053231939164
41 0.7453525641025641 0.6460313688212928 0.1233974358974359 0.09576996197718632
43 0.24871794871794872 0.4452233840304182 0.13205128205128205 0.093393536121673
44 0.7551282051282051 0.9142110266159695 0.12884615384615383 0.11026615969581749
