58 0.3047766159695818 0.7256410256410256 0.09054182509505704 0.13141025641025642
57 0.9163498098859315 0.6131410256410257 0.09363117870722433 0.13653846153846153
55 0.9439163498098859 0.3298076923076923 0.09458174904942966 0.13653846153846153
54 0.43524239543726234 0.316025641025641 0.09149239543726236 0.1294871794871795
53 0.2748336501901141 0.2759615384615385 0.09149239543726236 0.1423076923076923
52 0.7071055133079848 0.6517628205128205 0.08626425855513307 0.12916666666666668
48 0.11561311787072244 0.5921474358974359 0.09814638783269962 0.12916666666666668
47 0.41646863117870725 0.549198717948718 0.08816539923954372 0.13942307692307693
46 0.5413498098859315 0.70625 0.0841254752851711 0.14262820512820512
43 0.6866682509505704 0.26298076923076924 0.09672053231939164 0.1451923076923077
