5 0.5142628205128205 0.0799667300380228 0.12532051282051282 0.10242395437262357
5 0.3373397435897436 0.18928231939163498 0.12532051282051282 0.10147338403041825
5 0.20336538461538461 0.376069391634981 0.1451923076923077 0.10147338403041825
5 0.7408653846153846 0.24904942965779467 0.13237179487179487 0.09933460076045628
5 0.5049679487179487 0.39270437262357416 0.13814102564102565 0.09814638783269962
5 0.747275641025641 0.49714828897338403 0.14262820512820512 0.1002851711026616
5 0.3107371794871795 0.6417538022813688 0.13814102564102565 0.10147338403041825
5 0.6926282051282051 0.6648051330798479 0.13076923076923078 0.10670152091254753
5 0.5983974358974359 0.9272813688212928 0.14358974358974358 0.11311787072243346
5 0.3594551282051282 0.9379752851711026 0.1439102564102564 0.1112167300380228
