5 0.6897576045627376 0.15240384615384617 0.08056083650190114 0.11314102564102564
5 0.40137832699619774 0.07724358974358975 0.07984790874524715 0.1141025641025641
5 0.15137832699619772 0.446474358974359 0.09077946768060836 0.11217948717948718
5 0.5256653992395437 0.4251602564102564 0.07984790874524715 0.10544871794871795
5 0.469819391634981 0.5366987179487179 0.07889733840304182 0.11121794871794871
5 0.6877376425855514 0.5419871794871794 0.08460076045627377 0.11089743589743589
5 0.8235503802281369 0.5520833333333334 0.093393536121673 0.10993589743589743
5 0.6501901140684411 0.9155448717948718 0.08222433460076045 0.12596153846153846
5 0.5188925855513308 0.8504807692307692 0.09006653992395437 0.11314102564102564
5 0.188569391634981 0.7810897435897436 0.08151140684410646 0.12179487179487179
