59 0.9047053231939164 0.25432692307692306 0.11834600760456274 0.15673076923076923
57 0.12202946768060836 0.6618589743589743 0.11288022813688213 0.15833333333333333
54 0.3917538022813688 0.13141025641025642 0.1033745247148289 0.16153846153846155
52 0.6721720532319392 0.8006410256410257 0.10004752851711027 0.14807692307692308
50 0.34802756653992395 0.4947115384615385 0.11525665399239544 0.16121794871794873
48 0.9266872623574145 0.6443910256410257 0.11858365019011406 0.1701923076923077
47 0.373930608365019 0.7855769230769231 0.10004752851711027 0.15256410256410258
48 0.14579372623574144 0.25560897435897434 0.10860266159695818 0.15416666666666667
41 0.6049192015209125 0.18365384615384617 0.11620722433460076 0.1641025641025641
44 0.6478136882129277 0.5282051282051282 0.10551330798479087 0.15833333333333333
