5 0.5051093155893536 0.290224358974359 0.09576996197718632 0.12596153846153846
5 0.7099572243346007 0.22131410256410255 0.09101711026615969 0.12467948717948718
5 0.1129990494296578 0.1935897435897436 0.0995722433460076 0.14615384615384616
5 0.07259980988593157 0.43157051282051284 0.11240494296577946 0.14198717948717948
5 0.9124287072243346 0.5564102564102564 0.10194866920152092 0.125
5 0.6240494296577946 0.5649038461538461 0.09648288973384031 0.12724358974358974
5 0.3962690114068441 0.5003205128205128 0.0995722433460076 0.13012820512820514
5 0.09279942965779468 0.7229166666666667 0.10194866920152092 0.14647435897435898
5 0.41646863117870725 0.8157051282051282 0.0971958174904943 0.125
5 0.7451283269961977 0.847275641025641 0.10147338403041825 0.12788461538461537
