4 0.25415874524714827 0.13798076923076924 0.11478136882129278 0.1439102564102564
4 0.1280893536121673 0.5291666666666667 0.1188212927756654 0.15128205128205127
4 0.36383079847908745 0.4096153846153846 0.10266159695817491 0.14294871794871794
4 0.5687975285171103 0.25769230769230766 0.10289923954372623 0.13974358974358975
4 0.8021625475285171 0.31201923076923077 0.10765209125475285 0.14198717948717948
4 0.8079847908745247 0.6386217948717948 0.09885931558935361 0.1375
4 0.5537072243346007 0.5649038461538461 0.10598859315589354 0.14198717948717948
4 0.39508079847908745 0.8254807692307692 0.10527566539923955 0.14198717948717948
4 0.22849334600760457 0.8461538461538461 0.10765209125475285 0.15576923076923077
4 0.6406844106463878 0.8761217948717949 0.10931558935361217 0.1516025641025641
