5 0.5180608365019012 0.1560897435897436 0.07747148288973384 0.11217948717948718
5 0.7264733840304183 0.35625 0.07366920152091255 0.10673076923076923
5 0.40339828897338403 0.33237179487179486 0.08056083650190114 0.10128205128205128
5 0.48086977186311786 0.49230769230769234 0.07770912547528518 0.10576923076923077
5 0.2118583650190114 0.5174679487179488 0.07913498098859316 0.10673076923076923
5 0.07497623574144487 0.6413461538461539 0.08388783269961977 0.10897435897435898
5 0.6585076045627376 0.6123397435897436 0.07842205323193917 0.10673076923076923
5 0.29182509505703425 0.7639423076923076 0.08555133079847908 0.10224358974358974
5 0.6937975285171103 0.7838141025641026 0.07913498098859316 0.10352564102564103
5 0.8748811787072244 0.791826923076923 0.08056083650190114 0.11314102564102564
