5 0.876425855513308 0.3001602564102564 0.09980988593155894 0.12275641025641025
5 0.4776615969581749 0.1251602564102564 0.09648288973384031 0.13557692307692307
5 0.24988117870722434 0.19471153846153846 0.09672053231939164 0.12275641025641025
5 0.1525665399239544 0.4288461538461538 0.10123574144486693 0.1282051282051282
5 0.5936311787072244 0.48381410256410257 0.094106463878327 0.12916666666666668
5 0.48835551330798477 0.49775641025641026 0.08935361216730038 0.12692307692307692
5 0.6822718631178707 0.6924679487179487 0.09743346007604563 0.12403846153846154
5 0.4231226235741445 0.7052884615384616 0.093393536121673 0.12147435897435897
5 0.5888783269961977 0.8665064102564103 0.094106463878327 0.11955128205128206
5 0.36418726235741444 0.9038461538461539 0.09434410646387832 0.1282051282051282
