5 0.22708333333333333 0.20793726235741444 0.14967948717948718 0.11311787072243346
5 0.44743589743589746 0.31630228136882127 0.15833333333333333 0.10979087452471482
5 0.7911858974358974 0.31095532319391633 0.15544871794871795 0.11192965779467681
5 0.5286858974358974 0.5451520912547528 0.15096153846153845 0.1088403041825095
5 0.2128205128205128 0.5026140684410646 0.1467948717948718 0.1088403041825095
5 0.8113782051282051 0.5318441064638784 0.15544871794871795 0.10788973384030419
5 0.6336538461538461 0.7629515209125475 0.15384615384615385 0.11097908745247148
5 0.38846153846153847 0.7906368821292775 0.15256410256410258 0.11739543726235742
5 0.2530448717948718 0.9326283269961977 0.1439102564102564 0.12381178707224334
5 0.788301282051282 0.9193203422053232 0.14967948717948718 0.11858365019011406
