58 0.8141634980988594 0.1466346153846154 0.13022813688212928 0.1657051282051282
58 0.10266159695817491 0.3814102564102564 0.12167300380228137 0.1673076923076923
57 0.24477186311787072 0.722275641025641 0.1150190114068441 0.15993589743589742
56 0.3508792775665399 0.1967948717948718 0.10765209125475285 0.1673076923076923
51 0.6133555133079848 0.3078525641025641 0.11406844106463879 0.1657051282051282
52 0.4863355513307985 0.7911858974358974 0.11192965779467681 0.16121794871794873
50 0.38201045627376423 0.45400641025641025 0.10765209125475285 0.16698717948717948
48 0.682865969581749 0.580448717948718 0.12143536121673004 0.16987179487179488
45 0.8400665399239544 0.8129807692307692 0.1150190114068441 0.16121794871794873
43 0.901972433460076 0.4467948717948718 0.12713878326996197 0.15576923076923077
