5 0.2372861216730038 0.15833333333333333 0.093393536121673 0.11858974358974358
5 0.7882604562737643 0.13814102564102565 0.09077946768060836 0.13333333333333333
5 0.5674904942965779 0.1753205128205128 0.094106463878327 0.12051282051282051
5 0.6490019011406845 0.2980769230769231 0.0879277566539924 0.12051282051282051
5 0.3464828897338403 0.38990384615384616 0.09173003802281368 0.11826923076923077
5 0.5535884030418251 0.46939102564102564 0.093393536121673 0.12403846153846154
5 0.21708650190114068 0.6487179487179487 0.09576996197718632 0.1282051282051282
5 0.809648288973384 0.6349358974358974 0.094106463878327 0.12179487179487179
5 0.6383079847908745 0.8631410256410257 0.09648288973384031 0.12371794871794872
5 0.3471958174904943 0.8072115384615385 0.09315589353612168 0.12916666666666668
