4 0.6581511406844106 0.2298076923076923 0.11858365019011406 0.1544871794871795
4 0.36454372623574144 0.20432692307692307 0.11549429657794677 0.1548076923076923
4 0.12559410646387834 0.26778846153846153 0.1219106463878327 0.16634615384615384
4 0.09315589353612168 0.5431089743589743 0.12975285171102663 0.16442307692307692
4 0.3464828897338403 0.5131410256410256 0.11074144486692016 0.14935897435897436
4 0.31749049429657794 0.8573717948717948 0.11787072243346007 0.15897435897435896
4 0.5081986692015209 0.8317307692307693 0.11478136882129278 0.1608974358974359
4 0.6870247148288974 0.7618589743589743 0.11169201520912547 0.15576923076923077
4 0.5477661596958175 0.43205128205128207 0.11644486692015209 0.1576923076923077
4 0.8543250950570342 0.4828525641025641 0.12024714828897339 0.1483974358974359
