5 0.2012820512820513 0.16266634980988592 0.1467948717948718 0.11002851711026616
5 0.5947115384615385 0.2122148288973384 0.15673076923076923 0.11739543726235742
5 0.7738782051282052 0.31951045627376423 0.16121794871794873 0.11430608365019011
5 0.32067307692307695 0.2997861216730038 0.15544871794871795 0.10480038022813688
5 0.46602564102564104 0.4540161596958175 0.15512820512820513 0.11430608365019011
5 0.8091346153846154 0.534458174904943 0.15673076923076923 0.11739543726235742
5 0.6229166666666667 0.6744296577946768 0.15544871794871795 0.11311787072243346
5 0.2783653846153846 0.5825807984790875 0.15673076923076923 0.11097908745247148
5 0.29407051282051283 0.7713878326996197 0.1451923076923077 0.11311787072243346
5 0.5056089743589743 0.9092205323193916 0.15673076923076923 0.11739543726235742
