5 0.7006410256410256 0.15304182509505704 0.13525641025641025 0.09505703422053231
5 0.4544871794871795 0.21708650190114068 0.1294871794871795 0.09481939163498099
5 0.2221153846153846 0.36323669201520914 0.125 0.0971958174904943
5 0.5934294871794872 0.3670389733840304 0.13365384615384615 0.09814638783269962
5 0.3235576923076923 0.47956273764258556 0.13814102564102565 0.09505703422053231
5 0.2876602564102564 0.5990969581749049 0.1266025641025641 0.10361216730038023
5 0.6227564102564103 0.7091254752851711 0.12371794871794872 0.09077946768060836
5 0.74375 0.7644961977186312 0.12083333333333333 0.10361216730038023
5 0.565224358974359 0.8536121673003803 0.1266025641025641 0.09173003802281368
5 0.43862179487179487 0.812143536121673 0.1266025641025641 0.09814638783269962
