57 0.37725760456273766 0.7302884615384615 0.1195342205323194 0.17596153846153847
56 0.6447243346007605 0.48830128205128204 0.12262357414448669 0.17147435897435898
50 0.8498098859315589 0.20256410256410257 0.12595057034220533 0.19038461538461537
49 0.6263070342205324 0.17131410256410257 0.13569391634980987 0.17724358974358975
49 0.372861216730038 0.4358974358974359 0.12167300380228137 0.18333333333333332
49 0.6667062737642585 0.8065705128205128 0.1195342205323194 0.17724358974358975
48 0.3523051330798479 0.11907051282051281 0.1280893536121673 0.19455128205128205
48 0.10218631178707224 0.6951923076923077 0.1335551330798479 0.19038461538461537
47 0.10384980988593157 0.3407051282051282 0.13022813688212928 0.19038461538461537
41 0.9121910646387833 0.5899038461538462 0.13236692015209126 0.19775641025641025
