59 0.4893060836501901 0.8631410256410257 0.09980988593155894 0.14743589743589744
57 0.8679895437262357 0.6887820512820513 0.11097908745247148 0.1596153846153846
55 0.23241444866920152 0.2862179487179487 0.10123574144486693 0.14551282051282052
54 0.6775190114068441 0.11826923076923077 0.0979087452471483 0.15833333333333333
52 0.43048954372623577 0.21121794871794872 0.11192965779467681 0.1467948717948718
50 0.6484077946768061 0.7440705128205128 0.10670152091254753 0.14262820512820512
48 0.29372623574144485 0.8094551282051282 0.10123574144486693 0.14262820512820512
40 0.8481463878326996 0.3501602564102564 0.10979087452471482 0.15096153846153845
42 0.6619534220532319 0.4584935897435897 0.10765209125475285 0.1439102564102564
45 0.25499049429657794 0.5580128205128205 0.10313688212927756 0.14807692307692308
