59 0.8420865019011406 0.6995192307692307 0.12381178707224334 0.15096153846153845
56 0.39496197718631176 0.7788461538461539 0.10979087452471482 0.15128205128205127
55 0.3120247148288973 0.4655448717948718 0.10123574144486693 0.14967948717948718
52 0.6124049429657795 0.1503205128205128 0.10551330798479087 0.16153846153846155
48 0.8454134980988594 0.30288461538461536 0.11525665399239544 0.16153846153846155
47 0.6160884030418251 0.7942307692307692 0.11097908745247148 0.15256410256410258
46 0.12036596958174905 0.36041666666666666 0.11192965779467681 0.15993589743589742
45 0.3330560836501901 0.18509615384615385 0.11097908745247148 0.16698717948717948
40 0.5849572243346007 0.46282051282051284 0.10670152091254753 0.15833333333333333
44 0.0979087452471483 0.6967948717948718 0.11406844106463879 0.16153846153846155
