55 0.8890209125475285 0.8318910256410257 0.11644486692015209 0.16442307692307692
54 0.43904467680608367 0.4548076923076923 0.11192965779467681 0.16282051282051282
53 0.1415161596958175 0.28974358974358977 0.1195342205323194 0.16987179487179488
52 0.9153992395437263 0.16041666666666668 0.12595057034220533 0.16121794871794873
50 0.39710076045627374 0.10753205128205129 0.11834600760456274 0.17147435897435898
48 0.8691777566539924 0.5245192307692308 0.12381178707224334 0.17147435897435898
47 0.6133555133079848 0.7352564102564103 0.10979087452471482 0.14807692307692308
49 0.25285171102661597 0.7977564102564103 0.11406844106463879 0.15384615384615385
40 0.10860266159695818 0.6036858974358974 0.12072243346007605 0.16698717948717948
44 0.6446055133079848 0.2673076923076923 0.11192965779467681 0.16282051282051282
