58 0.6750237642585551 0.551923076923077 0.11715779467680608 0.16538461538461538
56 0.8896150190114068 0.6676282051282051 0.1195342205323194 0.15833333333333333
55 0.187143536121673 0.17435897435897435 0.11620722433460076 0.15705128205128205
55 0.13866444866920152 0.8261217948717948 0.10765209125475285 0.15865384615384615
53 0.15922053231939162 0.4046474358974359 0.12262357414448669 0.15544871794871795
52 0.35670152091254753 0.6217948717948718 0.1002851711026616 0.16282051282051282
50 0.4686311787072243 0.3907051282051282 0.11074144486692016 0.15705128205128205
49 0.9088640684410646 0.27163461538461536 0.1280893536121673 0.1657051282051282
41 0.49560361216730037 0.1503205128205128 0.11288022813688213 0.16153846153846155
44 0.5166349809885932 0.8254807692307692 0.10551330798479087 0.1657051282051282
