5 0.6948669201520913 0.15256410256410258 0.094106463878327 0.13012820512820514
5 0.281962927756654 0.15400641025641026 0.0971958174904943 0.12275641025641025
5 0.14662547528517111 0.33766025641025643 0.09268060836501901 0.12083333333333333
5 0.32426330798479086 0.3423076923076923 0.0872148288973384 0.11730769230769231
5 0.5540636882129277 0.38830128205128206 0.09101711026615969 0.11955128205128206
5 0.845175855513308 0.42451923076923076 0.09101711026615969 0.11955128205128206
5 0.45746197718631176 0.5314102564102564 0.08935361216730038 0.12371794871794872
5 0.2899239543726236 0.5770833333333333 0.08935361216730038 0.12596153846153846
5 0.691777566539924 0.7467948717948718 0.0879277566539924 0.11730769230769231
5 0.39424904942965777 0.9038461538461539 0.094106463878327 0.13012820512820514
