4 0.5365384615384615 0.13058460076045628 0.1608974358974359 0.12286121673003803
4 0.24951923076923077 0.2672290874524715 0.16826923076923078 0.11858365019011406
4 0.7416666666666667 0.2902804182509506 0.1596153846153846 0.11097908745247148
4 0.8184294871794872 0.44759980988593157 0.16121794871794873 0.11620722433460076
4 0.7761217948717949 0.6230988593155894 0.1625 0.11311787072243346
4 0.46971153846153846 0.5356463878326996 0.1625 0.11739543726235742
4 0.21987179487179487 0.5440826996197718 0.16987179487179488 0.1195342205323194
4 0.517147435897436 0.7822005703422054 0.17403846153846153 0.13236692015209126
4 0.225 0.8505228136882129 0.15705128205128205 0.11739543726235742
4 0.7769230769230769 0.9390446768060836 0.16987179487179488 0.1195342205323194
