59 0.42466730038022815 0.31185897435897436 0.11454372623574144 0.16346153846153846
56 0.6709838403041825 0.16778846153846153 0.11097908745247148 0.16121794871794873
55 0.2469106463878327 0.8209935897435897 0.10646387832699619 0.15993589743589742
54 0.626425855513308 0.799198717948718 0.10551330798479087 0.17724358974358975
51 0.8846245247148289 0.3283653846153846 0.12048479087452471 0.1451923076923077
51 0.8190351711026616 0.7788461538461539 0.12048479087452471 0.14807692307692308
45 0.11026615969581749 0.5389423076923077 0.11311787072243346 0.17147435897435898
42 0.6058697718631179 0.49759615384615385 0.11620722433460076 0.16121794871794873
43 0.2603374524714829 0.3871794871794872 0.11192965779467681 0.1467948717948718
44 0.4541349809885932 0.6996794871794871 0.10123574144486693 0.15256410256410258
