58 0.716254752851711 0.8182692307692307 0.11169201520912547 0.15833333333333333
55 0.6343868821292775 0.22003205128205128 0.11525665399239544 0.16698717948717948
54 0.8670389733840305 0.5950320512820513 0.1280893536121673 0.1701923076923077
48 0.09576996197718632 0.5586538461538462 0.11834600760456274 0.16987179487179488
47 0.6651615969581749 0.5317307692307692 0.11834600760456274 0.1685897435897436
42 0.39710076045627374 0.29775641025641025 0.11834600760456274 0.16282051282051282
43 0.28410171102661597 0.7738782051282052 0.12048479087452471 0.16121794871794873
44 0.48704847908745247 0.7889423076923077 0.1195342205323194 0.17147435897435898
44 0.8696530418250951 0.30288461538461536 0.13141634980988592 0.16987179487179488
44 0.15601235741444866 0.25993589743589746 0.12903992395437264 0.17435897435897435
