4 0.7182747148288974 0.23942307692307693 0.10432509505703422 0.13333333333333333
4 0.4278754752851711 0.22772435897435897 0.09196768060836502 0.12467948717948718
4 0.08614543726235742 0.41346153846153844 0.10289923954372623 0.125
4 0.3123811787072243 0.49246794871794874 0.10147338403041825 0.13557692307692307
4 0.5525190114068441 0.46298076923076925 0.10361216730038023 0.1387820512820513
4 0.7214828897338403 0.5708333333333333 0.09648288973384031 0.13012820512820514
4 0.9096958174904943 0.5921474358974359 0.10266159695817491 0.13685897435897437
4 0.5904230038022814 0.7657051282051283 0.10052281368821293 0.13974358974358975
4 0.40102186311787075 0.7613782051282051 0.0995722433460076 0.14198717948717948
4 0.19451045627376426 0.6716346153846153 0.10289923954372623 0.1439102564102564
