5 0.4149239543726236 0.1391025641025641 0.094106463878327 0.125
5 0.16599334600760457 0.21169871794871795 0.10289923954372623 0.1375
5 0.16207224334600762 0.49022435897435895 0.09980988593155894 0.1310897435897436
5 0.5829372623574145 0.36907051282051284 0.09315589353612168 0.12403846153846154
5 0.44284695817490494 0.5153846153846153 0.093393536121673 0.1346153846153846
5 0.8946055133079848 0.5264423076923077 0.09814638783269962 0.12916666666666668
5 0.6873811787072244 0.6397435897435897 0.0995722433460076 0.12692307692307692
5 0.8324619771863118 0.7870192307692307 0.10361216730038023 0.12275641025641025
5 0.3115494296577947 0.8108974358974359 0.10456273764258556 0.1346153846153846
5 0.07426330798479087 0.7282051282051282 0.10289923954372623 0.14423076923076922
