5 0.7281368821292775 0.2815705128205128 0.1002851711026616 0.13044871794871796
5 0.8633555133079848 0.4625 0.09743346007604563 0.13141025641025642
5 0.9068441064638784 0.7121794871794872 0.10836501901140684 0.12692307692307692
5 0.6367633079847909 0.7483974358974359 0.09481939163498099 0.12051282051282051
5 0.43346007604562736 0.8626602564102565 0.09505703422053231 0.14198717948717948
5 0.5156844106463878 0.4790064102564103 0.09980988593155894 0.12596153846153846
5 0.36894011406844107 0.31153846153846154 0.09434410646387832 0.13012820512820514
5 0.3578897338403042 0.5947115384615385 0.09268060836501901 0.13557692307692307
5 0.09054182509505704 0.5573717948717949 0.10361216730038023 0.13333333333333333
5 0.09291825095057034 0.29439102564102565 0.10361216730038023 0.13237179487179487
