4 0.7617633079847909 0.2064102564102564 0.0995722433460076 0.13782051282051283
4 0.47374049429657794 0.25753205128205126 0.0995722433460076 0.1310897435897436
4 0.22576045627376426 0.2623397435897436 0.10836501901140684 0.1387820512820513
4 0.07022338403041825 0.48221153846153847 0.10765209125475285 0.13685897435897437
4 0.25986216730038025 0.5467948717948717 0.09576996197718632 0.12884615384615383
4 0.5141397338403042 0.4934294871794872 0.0995722433460076 0.13557692307692307
4 0.7138783269961977 0.46298076923076925 0.09885931558935361 0.1407051282051282
4 0.876069391634981 0.697275641025641 0.10670152091254753 0.14006410256410257
4 0.5608365019011406 0.7474358974358974 0.09648288973384031 0.12884615384615383
4 0.35480038022813687 0.8190705128205128 0.10836501901140684 0.14198717948717948
