5 0.8443441064638784 0.20048076923076924 0.09885931558935361 0.12596153846153846
5 0.6398526615969582 0.28846153846153844 0.093393536121673 0.13141025641025642
5 0.4227661596958175 0.2298076923076923 0.09553231939163498 0.12692307692307692
5 0.21827471482889735 0.2676282051282051 0.10289923954372623 0.13012820512820514
5 0.7082937262357415 0.48173076923076924 0.09576996197718632 0.12692307692307692
5 0.27566539923954375 0.510576923076923 0.09885931558935361 0.13141025641025642
5 0.10432509505703422 0.6017628205128205 0.09648288973384031 0.12596153846153846
5 0.6770437262357415 0.6572115384615385 0.09980988593155894 0.12596153846153846
5 0.9052994296577946 0.7080128205128206 0.10670152091254753 0.125
5 0.45758079847908745 0.7703525641025641 0.09244296577946769 0.12147435897435897
