5 0.24120722433460076 0.06442307692307692 0.08222433460076045 0.11217948717948718
5 0.4524714828897338 0.3610576923076923 0.08555133079847908 0.11826923076923077
5 0.313212927756654 0.421474358974359 0.08697718631178707 0.11089743589743589
5 0.8500475285171103 0.49727564102564104 0.08460076045627377 0.11314102564102564
5 0.8993583650190115 0.607051282051282 0.08531368821292776 0.11730769230769231
5 0.5663022813688213 0.5745192307692307 0.08555133079847908 0.11185897435897436
5 0.4215779467680608 0.6171474358974359 0.08079847908745247 0.11634615384615385
5 0.3306796577946768 0.6182692307692308 0.08388783269961977 0.12051282051282051
5 0.18975760456273763 0.6443910256410257 0.08531368821292776 0.11955128205128206
5 0.4623336501901141 0.9011217948717949 0.08769011406844106 0.11185897435897436
