4 0.46602564102564104 0.0783032319391635 0.1641025641025641 0.12476235741444867
4 0.8940705128205129 0.13913973384030418 0.1657051282051282 0.12713878326996197
4 0.2725961538461538 0.22076996197718632 0.16826923076923078 0.11739543726235742
4 0.7227564102564102 0.4155180608365019 0.16538461538461538 0.12286121673003803
4 0.8394230769230769 0.595888783269962 0.17115384615384616 0.11858365019011406
4 0.4689102564102564 0.5244771863117871 0.15256410256410258 0.11406844106463879
4 0.18621794871794872 0.47576045627376423 0.17115384615384616 0.11739543726235742
4 0.26169871794871796 0.718037072243346 0.15544871794871795 0.1195342205323194
4 0.7833333333333333 0.8584838403041825 0.1596153846153846 0.12286121673003803
4 0.41923076923076924 0.9278754752851711 0.16538461538461538 0.12903992395437264
