4 0.5078525641025641 0.12476235741444867 0.16698717948717948 0.13022813688212928
4 0.29118589743589746 0.3201045627376426 0.1657051282051282 0.12595057034220533
4 0.6185897435897436 0.3259268060836502 0.15833333333333333 0.11620722433460076
4 0.8983974358974359 0.3856939163498099 0.17115384615384616 0.12072243346007605
4 0.48830128205128204 0.562856463878327 0.17403846153846153 0.12713878326996197
4 0.19903846153846153 0.5682034220532319 0.16538461538461538 0.125
4 0.8264423076923076 0.6493583650190115 0.17147435897435898 0.12476235741444867
4 0.8171474358974359 0.8638307984790875 0.1753205128205128 0.125
4 0.565224358974359 0.8835551330798479 0.17852564102564103 0.13450570342205323
4 0.22724358974358974 0.8931796577946768 0.18717948717948718 0.14092205323193915
