58 0.8015684410646388 0.28028846153846154 0.11454372623574144 0.16185897435897437
56 0.9218155893536122 0.5201923076923077 0.1150190114068441 0.16282051282051282
56 0.12262357414448669 0.5041666666666667 0.12262357414448669 0.15384615384615385
54 0.25451520912547526 0.7767628205128205 0.10646387832699619 0.14967948717948718
50 0.45140209125475284 0.49903846153846154 0.10432509505703422 0.15256410256410258
47 0.47195817490494296 0.7870192307692307 0.10218631178707224 0.1439102564102564
45 0.785171102661597 0.757051282051282 0.1088403041825095 0.15705128205128205
40 0.6662309885931559 0.49903846153846154 0.09909695817490494 0.15833333333333333
41 0.5843631178707225 0.1328525641025641 0.09885931558935361 0.15544871794871795
41 0.29372623574144485 0.2360576923076923 0.10123574144486693 0.1439102564102564
