4 0.6644486692015209 0.10913461538461539 0.12167300380228137 0.16762820512820512
4 0.8302043726235742 0.45384615384615384 0.12096007604562738 0.15897435897435896
4 0.3966254752851711 0.2948717948717949 0.10979087452471482 0.14615384615384616
4 0.14543726235741444 0.3177884615384615 0.12024714828897339 0.1516025641025641
4 0.5644011406844106 0.39839743589743587 0.11644486692015209 0.15705128205128205
4 0.33365019011406843 0.7149038461538462 0.11549429657794677 0.16442307692307692
4 0.1490019011406844 0.6331730769230769 0.11644486692015209 0.1548076923076923
4 0.845532319391635 0.7383012820512821 0.125 0.17083333333333334
4 0.657319391634981 0.7863782051282051 0.12167300380228137 0.1625
4 0.470532319391635 0.9219551282051283 0.11549429657794677 0.15352564102564104
