5 0.1331986692015209 0.27740384615384617 0.0971958174904943 0.12596153846153846
5 0.36585076045627374 0.17387820512820512 0.09576996197718632 0.1387820512820513
5 0.6663498098859315 0.1530448717948718 0.08935361216730038 0.1310897435897436
5 0.31677756653992395 0.3995192307692308 0.09743346007604563 0.13365384615384615
5 0.5445579847908745 0.5072115384615384 0.09101711026615969 0.12916666666666668
5 0.40304182509505704 0.6326923076923077 0.094106463878327 0.13012820512820514
5 0.125356463878327 0.6653846153846154 0.11002851711026616 0.13333333333333333
5 0.7363355513307985 0.6482371794871795 0.08864068441064639 0.11826923076923077
5 0.5644011406844106 0.8264423076923076 0.09743346007604563 0.1310897435897436
5 0.37797053231939165 0.8754807692307692 0.09814638783269962 0.12724358974358974
