5 0.7682692307692308 0.19142110266159695 0.15833333333333333 0.12903992395437264
5 0.3229166666666667 0.15197243346007605 0.15096153846153845 0.11192965779467681
5 0.18701923076923077 0.32438212927756654 0.14967948717948718 0.11311787072243346
5 0.7006410256410256 0.4028041825095057 0.15256410256410258 0.11406844106463879
5 0.26458333333333334 0.4928707224334601 0.15544871794871795 0.11311787072243346
5 0.8783653846153846 0.5532319391634981 0.15673076923076923 0.11216730038022814
5 0.5165064102564103 0.5532319391634981 0.15544871794871795 0.10979087452471482
5 0.2128205128205128 0.6797766159695817 0.1641025641025641 0.11097908745247148
5 0.5371794871794872 0.7351473384030418 0.14807692307692308 0.1195342205323194
5 0.7826923076923077 0.9300142585551331 0.15833333333333333 0.11858365019011406
