59 0.3653754752851711 0.17884615384615385 0.10004752851711027 0.14551282051282052
54 0.5317252851711026 0.11394230769230769 0.1033745247148289 0.15865384615384615
54 0.3938925855513308 0.51875 0.1033745247148289 0.15096153846153845
52 0.5735503802281369 0.4126602564102564 0.09909695817490494 0.15416666666666667
51 0.20876901140684412 0.3639423076923077 0.1033745247148289 0.1407051282051282
48 0.6128802281368821 0.7774038461538462 0.0979087452471483 0.13365384615384615
47 0.13557509505703422 0.5701923076923077 0.10765209125475285 0.1467948717948718
46 0.8696530418250951 0.6314102564102564 0.10765209125475285 0.15256410256410258
43 0.33151140684410646 0.8086538461538462 0.10123574144486693 0.1467948717948718
44 0.8336501901140685 0.3625 0.10218631178707224 0.1467948717948718
