5 0.5833333333333334 0.12785171102661597 0.14807692307692308 0.11311787072243346
5 0.32724358974358975 0.19724334600760457 0.15384615384615385 0.1088403041825095
5 0.6056089743589743 0.2892110266159696 0.14647435897435898 0.11739543726235742
5 0.32580128205128206 0.37927756653992395 0.13942307692307693 0.10788973384030419
5 0.1344551282051282 0.49667300380228135 0.15673076923076923 0.10979087452471482
5 0.7948717948717948 0.6007604562737643 0.13974358974358975 0.1088403041825095
5 0.5682692307692307 0.7181558935361216 0.13525641025641025 0.1002851711026616
5 0.44519230769230766 0.780537072243346 0.1423076923076923 0.10147338403041825
5 0.6458333333333334 0.8274714828897338 0.1467948717948718 0.11406844106463879
5 0.847275641025641 0.7192252851711026 0.1439102564102564 0.10670152091254753
