4 0.4465304182509506 0.27900641025641026 0.094106463878327 0.12916666666666668
4 0.2463165399239544 0.27403846153846156 0.09244296577946769 0.1282051282051282
4 0.16991444866920152 0.44535256410256413 0.10123574144486693 0.12467948717948718
4 0.08293726235741444 0.6770833333333334 0.09980988593155894 0.12916666666666668
4 0.27756653992395436 0.6439102564102565 0.09648288973384031 0.13141025641025642
4 0.4849096958174905 0.503525641025641 0.093393536121673 0.1282051282051282
4 0.42906368821292773 0.7495192307692308 0.10052281368821293 0.13557692307692307
4 0.5778279467680608 0.7059294871794872 0.0895912547528517 0.12275641025641025
4 0.691777566539924 0.3541666666666667 0.10218631178707224 0.1282051282051282
4 0.8511169201520913 0.5575320512820513 0.10289923954372623 0.13557692307692307
