5 0.08246197718631179 0.274198717948718 0.11311787072243346 0.1451923076923077
5 0.9251425855513308 0.277724358974359 0.10836501901140684 0.13557692307692307
5 0.5765209125475285 0.20048076923076924 0.10598859315589354 0.1516025641025641
5 0.36145437262357416 0.33653846153846156 0.10123574144486693 0.14807692307692308
5 0.7870722433460076 0.5051282051282051 0.12024714828897339 0.14615384615384616
5 0.5484790874524715 0.5580128205128205 0.10836501901140684 0.14487179487179488
5 0.30370722433460073 0.6001602564102564 0.10741444866920152 0.1528846153846154
5 0.07699619771863118 0.632051282051282 0.12262357414448669 0.14615384615384616
5 0.7016397338403042 0.7842948717948718 0.10907794676806083 0.14935897435897436
5 0.41005228136882127 0.8733974358974359 0.11145437262357415 0.14615384615384616
