5 0.30370722433460073 0.13541666666666666 0.10741444866920152 0.1387820512820513
5 0.5758079847908745 0.19567307692307692 0.10123574144486693 0.1439102564102564
5 0.7052043726235742 0.4080128205128205 0.10194866920152092 0.14423076923076922
5 0.4615019011406844 0.44583333333333336 0.10503802281368821 0.14294871794871794
5 0.2743583650190114 0.5724358974358974 0.10907794676806083 0.14807692307692308
5 0.07770912547528518 0.5126602564102564 0.11787072243346007 0.1439102564102564
5 0.7673479087452472 0.6363782051282051 0.10598859315589354 0.1375
5 0.5482414448669202 0.6727564102564103 0.10598859315589354 0.13333333333333333
5 0.5430133079847909 0.9112179487179487 0.10693916349809886 0.14102564102564102
5 0.18619296577946767 0.8697115384615385 0.10670152091254753 0.1516025641025641
